174
198
186
178
193
155
190
175
177
167
197
178
172
165
185
191
194
173
186
161
186
184
157
198
177
169
190
192
193
150
154
175
150
157
196
157
156
170
171
169
172
155
156
176
200
196
162
171
160
150
194
192
154
176
194
164
181
185
154
181
175
164
179
181
184
153
154
200
178
155
164
152
181
194
155
185
193
161
189
178
183
200
160
150
152
154
177
173
194
162
170
168
161
166
166
162
188
186
157
171
200
175
190
170
158
190
188
190
181
174
167
174
150
197
196
198
174
199
192
188
185
193
161
160
163
180
180
167
185
165
187
165
154
196
173
155
170
182
179
165
175
184
157
198
190
161
165
170
185
150
174
167
183
193
191
154
154
187
180
173
200
165
160
181
157
171
152
181
171
189
177
160
152
188
190
181
179
159
155
182
162
179
154
150
198
162
200
198
175
186
167
166
174
199
185
170
200
195
169
158
160
167
196
179
173
174
191
196
194
195
192
187
200
195
157
195
198
161
175
152
195
159
186
188
191
167
195
169
184
165
190
187
157
166
153
182
180
163
182
190
195
191
187
180
167
183
194
192
169
195
172
169
180
183
186
176
177
161
186
187
196
183
167
173
173
171
170
181
188
185
151
168
180
181
188
177
187
182
168
183
183
165
176
170
194
198
194
166
182
176
159
153
151
152
158
177
158
177
185
159
192
195
198
188
161
179
171
170
179
163
198
165
166
194
191
175
155
177
195
170
192
171
183
180
163
159
164
170
187
193
184
163
158
163
159
178
183
158
189
167
151
152
173
188
160
161
184
189
153
170
157
150
195
172
186
158
190
191
197
191
197
164
181
198
173
193
163
187
195
195
188
172
196
150
167
193
182
154
161
163
163
175
200
150
176
162
160
171
189
193
153
167
169
153
152
188
155
193
170
189
151
184
183
155
162
193
199
152
155
181
165
154
151
178
153
182
175
163
190
160
197
151
164
176
193
171
189
160
150
164
182
187
164
197
199
189
169
162
181
196
162
200
158
156
185
192
199
196
174
188
163
200
159
187
156
165
171
169
185
160
184
179
160
185
172
153
198
155
150
151
191
184
153
196
191
157
163
153
157
158
200
176
192
194
180
175
159
161
186
158
182
163
194
190
166
170
175
162
169
178
189
172
167
175
153
178
159
160
200
190
187
157
175
196
156
181
164
164
154
183
165
170
159
181
173
200
186
176
192
172
168
156
161
167
177
155
157
168
179
192
171
161
152
152
173
169
174
183
188
165
165
170
198
152
180
171
159
179
160
176
164
179
195
183
170
170
185
192
171
154
196
159
182
183
167
178
158
193
180
160
196
173
164
193
154
167
161
178
159
164
178
190
160
189
196
192
156
181
151
162
183
191
169
168
159
196
155
162
163
172
166
174
151
175
176
192
170
161
198
170
194
167
196
184
180
157
199
155
190
188
160
169
164
187
194
173
188
163
195
169
175
189
181
151
164
194
195
174
154
162
177
183
194
180
163
190
175
172
184
197
155
163
187
183
200
164
159
187
196
162
157
152
150
167
181
163
171
158
167
152
175
157
151
199
151
176
165
157
161
195
163
168
158
151
166
166
195
158
195
154
163
165
180
150
154
181
178
158
182
196
163
159
194
192
178
157
196
181
185
195
167
185
152
180
196
167
184
160
154
154
180
162
179
167
169
161
185
183
170
186
152
190
176
158
180
155
168
199
188
191
160
159
195
179
167
198
187
183
150
150
176
156
163
190
179
164
175
156
198
175
182
179
190
190
197
159
190
171
152
163
163
161
167
180
185
198
181
198
181
179
152
189
180
182
186
165
198
182
188
150
185
187
150
157
180
174
180
177
198
199
183
163
191
161
194
155
160
186
153
150
150
189
194
193
173
164
177
183
161
196
184
173
189
176
155
167
167
159
186
197
184
170
161
198
185
161
198
190
153
192
160
158
184
186
188
186
190
199
156
171
189
168
150
178
187
188
154
160
184
155
185
179
182
175
182
151
169
172
177
200
151
171
166
162
169
164
176
194
154
180
168
193
155
160
175
151
169
168
163
186
168
198
174
177
171
151
189
197
190
187
183
193
155
195
153
173
161
199
197
179
190
161
186
154
200
190
189
185
180
160
190
162
164
162
159
150
199
168
178
186
159
192
187
166
160
181
189
151
176
160
183
193
157
188
188
198
187
194
187
154
190
196
160
163
186
184
180
188
193
171
170
190
167
167
167
190
161
160
164
190
184
181
194
166
151
166
165
151
157
150
194
190
177
173
188
196
194
154
154
165
