726
151
910
139
448
512
523
375
495
792
738
232
471
326
899
82
696
381
822
307
881
70
772
716
7
57
584
194
43
257
841
124
571
556
841
169
498
186
946
637
85
504
413
856
390
128
301
974
854
237
921
135
6
845
778
510
584
543
731
793
832
57
352
707
991
189
14
708
590
143
118
535
387
305
229
598
875
234
456
433
140
714
541
814
903
832
163
459
479
293
993
577
519
852
44
46
507
230
869
717
735
693
877
395
469
112
804
75
49
211
326
707
966
324
729
572
205
266
462
652
757
416
659
340
199
698
961
704
822
76
636
204
421
756
846
543
289
417
885
207
109
647
458
366
33
270
879
300
64
652
301
684
150
55
796
174
512
556
362
293
103
754
236
900
563
788
292
719
154
406
742
379
585
974
669
33
296
884
550
824
581
615
749
332
750
568
293
725
871
511
949
266
644
945
579
367
507
706
903
234
289
287
728
448
648
991
143
715
941
383
863
394
113
239
647
607
532
168
540
710
966
545
158
102
24
388
69
407
535
361
660
580
916
681
961
505
698
469
473
193
224
453
838
450
216
157
709
835
768
98
566
435
643
759
744
343
926
778
699
393
530
289
422
641
994
277
190
305
65
305
569
692
216
581
810
773
591
390
906
95
528
336
608
754
505
981
869
731
28
834
481
578
87
492
777
652
860
542
949
809
834
544
892
978
321
580
283
336
499
71
391
992
352
1
484
325
382
114
909
890
642
944
883
680
161
477
662
790
434
91
673
734
859
139
776
754
541
325
261
905
276
456
940
773
759
271
810
974
488
645
853
177
25
765
195
102
122
318
156
91
595
803
79
69
521
230
957
39
513
451
158
838
230
418
216
13
500
597
252
659
239
630
394
724
445
807
152
609
600
587
197
252
430
565
486
835
628
20
564
299
963
816
330
797
946
588
157
168
382
306
486
256
187
524
790
643
887
564
673
510
587
392
663
205
527
439
308
260
428
573
312
502
813
763
406
542
852
334
73
50
428
177
611
330
762
406
326
238
753
477
472
309
977
4
963
1
880
886
970
274
879
792
711
568
694
538
24
149
696
682
837
254
49
193
674
929
48
453
539
363
652
188
18
348
579
430
141
633
401
198
703
1
153
531
190
215
256
836
379
137
855
183
10
852
893
941
765
656
468
166
409
592
883
774
818
215
966
759
780
964
771
751
249
635
680
780
31
75
198
255
955
666
338
187
8
581
755
779
590
355
816
904
316
757
247
503
451
900
733
100
728
170
242
603
959
822
210
779
531
536
973
121
983
34
284
198
872
728
329
931
540
479
746
69
431
311
343
121
588
166
464
807
163
772
638
565
854
815
465
722
748
67
907
613
75
539
384
205
357
823
245
761
393
79
790
889
612
22
335
699
479
677
508
929
403
440
697
851
348
610
469
130
311
175
656
837
884
141
835
714
683
150
27
731
625
898
128
651
120
550
579
435
135
566
686
475
742
598
928
861
39
92
569
938
193
823
922
127
8
28
193
462
228
315
50
89
581
270
898
870
816
928
39
373
167
509
41
587
763
760
57
203
159
934
482
296
362
497
992
325
248
509
90
558
690
624
606
881
160
103
185
524
288
202
811
790
587
397
144
122
623
819
197
97
286
491
737
718
394
739
295
596
408
35
302
915
215
510
292
546
541
497
217
761
845
590
581
739
191
431
417
243
267
869
660
321
517
300
304
871
412
802
960
774
333
395
473
302
354
482
935
101
758
173
716
829
743
359
437
332
411
953
747
319
90
874
815
982
187
347
409
719
616
649
21
133
184
930
761
687
78
182
976
543
682
498
975
669
278
770
42
652
52
71
62
904
562
945
12
682
55
800
860
836
571
662
869
899
991
928
881
817
322
479
801
938
546
656
250
955
970
545
168
806
783
777
931
137
49
971
869
181
113
930
453
698
378
982
397
990
703
542
985
164
960
607
441
241
131
214
481
868
449
688
32
764
559
957
599
672
348
565
882
622
172
499
915
957
396
353
847
298
289
78
844
178
714
61
879
292
692
55
279
499
639
993
2
781
521
343
751
815
428
283
1000
75
848
576
247
355
474
447
789
473
310
903
318
948
58
163
620
139
415
371
778
175
916
997
630
912
155
769
215
187
498
140
589
699
335
282
521
384
106
853
618
271
394
70
95
24
115
988
740
742
279
427
66
473
49
891
798
326
15
999
512
514
692
959
452
712
643
880
321
820
252
202
878
588
540
783
652
420
506
196
725
503
354
682
303
170
275
662
838
842
179
920
966
41
707
904
