530
336
484
733
40
149
523
973
79
320
284
809
747
441
708
777
132
808
443
970
754
475
410
491
245
3
999
392
779
708
148
279
185
266
354
930
283
417
283
765
825
801
841
148
832
199
279
153
885
742
407
948
439
180
457
111
431
721
517
931
417
988
581
743
171
527
171
532
364
524
344
731
487
225
532
328
873
382
109
18
546
189
643
273
565
349
351
920
488
941
987
882
14
113
357
827
261
525
820
533
174
513
502
607
772
236
636
950
201
586
2
115
384
623
380
423
540
298
725
428
97
264
944
621
6
146
925
315
306
447
260
897
982
383
69
62
520
721
238
707
902
345
341
562
199
48
806
888
191
929
29
659
368
629
799
998
334
995
645
492
921
688
32
396
813
134
512
273
792
964
912
37
587
111
421
382
938
470
596
232
399
716
866
834
819
199
195
927
697
28
419
958
399
842
866
16
875
107
497
608
799
977
8
399
645
696
74
822
867
648
851
289
85
745
217
966
770
400
759
608
468
787
943
449
611
895
933
414
300
327
377
767
558
659
458
690
532
797
717
326
817
783
936
591
675
745
469
734
493
203
283
525
839
679
640
675
540
22
80
241
949
192
62
561
5
826
835
730
821
697
451
535
682
968
546
376
782
682
440
740
602
766
365
676
355
350
227
383
115
980
350
317
388
863
367
901
382
58
156
760
288
983
157
824
123
195
841
334
722
274
947
14
194
372
72
79
523
721
603
9
779
113
845
419
891
829
251
237
410
148
372
880
257
58
273
650
578
974
110
752
47
630
387
25
432
196
335
112
943
977
267
659
205
171
220
309
336
574
609
454
71
916
840
403
317
310
267
259
529
869
782
379
858
89
845
530
498
62
366
595
278
938
746
408
332
952
152
292
542
532
805
961
363
379
394
737
72
507
592
535
638
517
730
509
184
502
691
838
83
491
921
139
161
587
855
283
782
709
622
839
56
875
823
859
755
293
25
619
642
324
88
939
945
895
211
243
16
948
802
544
359
746
311
75
359
237
588
890
210
971
114
967
173
1
889
574
761
842
620
101
675
804
829
463
811
978
185
723
481
635
57
34
814
306
702
12
773
478
267
18
375
110
218
116
226
494
213
311
105
362
124
53
498
670
636
67
144
342
674
728
244
169
675
249
434
99
357
816
398
782
198
441
339
718
304
694
92
483
823
831
85
671
288
777
816
878
425
422
587
954
422
165
561
986
765
751
232
792
409
336
303
59
43
546
392
323
932
829
604
22
60
624
759
544
255
615
590
158
656
84
829
948
485
220
167
284
421
112
369
270
369
437
483
586
26
660
592
607
320
519
720
906
254
706
929
81
950
644
453
730
782
283
867
221
959
194
119
903
943
818
549
535
363
44
658
804
327
135
192
31
967
490
859
111
432
50
329
929
682
295
762
917
64
464
181
568
262
211
817
709
695
613
222
696
994
634
310
154
796
619
293
235
512
65
437
371
740
465
480
999
307
988
319
1
565
673
738
181
567
761
938
841
219
463
498
332
908
228
499
910
459
471
900
75
238
872
657
560
961
129
165
361
476
714
784
860
815
779
731
718
477
690
572
754
806
488
585
305
412
923
692
640
997
410
30
544
579
319
19
321
333
186
928
134
375
197
652
500
15
186
508
940
169
551
305
741
524
421
337
823
691
558
834
612
51
712
563
863
590
522
414
236
717
152
369
721
231
183
649
909
582
365
902
777
641
902
443
240
400
382
155
920
418
560
383
219
693
442
246
258
820
964
597
305
778
862
608
161
549
6
669
37
246
401
683
631
100
967
518
424
675
969
817
787
312
537
735
204
381
606
993
391
592
6
611
730
859
529
95
510
89
265
438
290
97
576
708
131
740
293
543
829
852
626
54
823
796
541
962
944
732
360
665
828
34
256
143
373
96
966
428
193
554
810
289
471
824
23
820
83
717
311
569
114
110
403
731
797
274
854
782
164
31
781
989
568
35
864
711
208
90
103
581
911
860
385
619
97
855
752
937
153
113
26
179
649
80
721
774
851
692
552
136
25
777
719
298
448
459
241
44
459
266
940
187
75
695
58
589
762
142
527
915
625
151
295
428
547
36
328
645
807
715
15
735
815
581
522
93
405
473
32
1
345
952
430
237
836
720
519
122
456
155
992
812
261
131
524
93
36
54
544
967
654
112
302
932
930
938
314
204
758
318
153
271
50
215
439
790
53
395
888
820
257
237
446
390
163
576
708
293
619
710
232
73
143
295
575
895
726
958
514
864
30
870
373
136
837
991
119
853
354
532
43
965
796
976
184
214
379
221
449
26
898
160
854
426
723
626
92
332
914
622
772
225
733
239
301
477
279
675
451
840
811
872
486
946
975
54
496
79
741
893
326
646
207
113
672
178
859
271
616
926
181
757
63
142
413
741
287
347
780
685
730
489
493
165
431
515
121
82
420
567
606
509
347
158
145
126
18
706
193
952
637
428
249
44
371
91
198
41
709
33
964
179
699
548
982
138
648
519
139
871
421
691
389
175
529
891
115
572
940
260
798
844
574
584
350
395
134
439
535
254
363
333
884
853
107
698
567
238
59
122
119
33
426
990
617
395
825
199
813
284
455
227
84
151
938
525
604
159
169
492
18
487
571
55
680
864
906
838
398
376
284
852
465
538
503
123
739
188
288
741
518
5
872
926
770
858
729
61
201
348
460
403
161
933
934
566
120
529
724
617
981
57
213
78
215
697
183
545
426
285
574
396
562
116
634
192
435
549
808
433
76
77
239
76
88
950
755
404
355
752
25
325
339
787
585
795
574
820
642
988
822
709
795
593
28
740
400
755
70
419
685
50
413
733
201
436
355
146
531
756
637
277
103
413
233
182
502
128
336
670
554
250
711
806
945
187
914
37
188
468
112
412
335
30
656
575
783
378
42
775
385
541
432
820
266
541
975
518
177
29
208
375
572
119
452
435
386
80
839
601
11
156
840
737
653
752
59
116
487
484
384
265
190
729
522
467
837
335
425
826
178
978
486
692
854
472
408
957
439
146
229
664
202
947
855
433
914
699
406
299
868
62
640
842
900
945
647
790
65
124
127
270
348
742
482
724
110
286
753
140
552
411
34
653
617
201
178
898
804
183
224
159
964
660
502
926
873
602
609
821
858
163
288
321
208
89
450
997
420
755
929
827
505
735
399
205
131
502
90
184
28
743
706
444
276
405
443
114
71
847
408
24
179
444
701
702
811
929
450
397
993
47
974
829
119
812
928
823
509
951
914
596
624
881
874
17
157
518
659
13
634
527
378
814
112
144
91
339
964
701
147
763
388
171
135
465
621
920
588
205
266
943
162
732
624
253
756
821
725
872
915
12
676
430
427
25
443
892
811
149
574
900
316
993
800
800
114
149
697
514
403
283
186
491
375
203
57
129
151
61
732
846
961
985
970
936
404
633
12
378
109
347
908
182
551
19
791
351
440
897
403
944
911
375
93
512
521
952
548
454
899
94
300
112
964
829
569
48
621
893
716
120
583
848
872
660
483
543
743
971
174
132
892
91
834
708
95
529
108
968
754
810
439
587
704
948
991
999
710
14
527
956
875
824
966
467
778
266
698
831
155
758
871
715
973
202
54
222
608
140
293
307
552
767
130
255
326
58
769
589
139
705
421
280
809
773
317
710
921
918
817
114
399
147
75
716
984
520
132
231
715
777
548
928
666
435
23
569
295
380
842
128
731
34
359
166
326
848
579
431
368
699
192
384
527
403
74
852
802
837
799
811
295
844
847
776
531
889
956
923
857
809
93
311
2
952
965
342
941
177
616
712
600
238
312
401
462
62
683
157
464
107
202
800
775
819
637
683
240
87
631
647
605
440
605
816
363
535
908
834
421
586
444
68
99
710
787
475
767
392
576
209
959
488
614
494
488
350
592
137
813
651
17
490
849
644
283
268
385
997
193
158
351
941
266
599
147
244
915
505
927
936
602
449
740
440
48
551
667
803
541
380
267
355
67
30
382
275
772
450
782
692
406
571
580
329
909
74
546
746
296
306
79
257
449
453
839
638
113
110
392
988
446
439
832
275
469
157
774
288
405
973
175
114
395
384
37
808
509
560
632
30
551
874
993
290
401
739
275
943
549
740
578
106
553
793
493
200
156
606
227
717
128
551
596
270
793
304
338
127
228
170
47
226
431
882
191
177
726
320
163
284
592
70
162
352
654
475
24
558
818
791
585
194
813
462
584
82
103
448
900
600
513
989
500
923
617
332
235
685
97
473
508
586
879
585
598
812
309
116
44
658
662
588
627
827
752
416
644
300
425
931
202
472
472
477
570
382
443
88
461
752
99
500
806
82
428
256
828
461
564
323
149
135
975
538
34
552
714
224
640
375
564
75
894
841
704
517
52
875
179
624
145
380
64
104
600
477
148
381
665
280
76
45
575
87
692
705
360
647
642
797
288
331
117
543
677
447
860
445
908
137
680
940
73
5
567
196
588
583
117
931
746
839
816
959
97
217
221
79
978
352
776
186
569
848
250
309
163
921
680
574
896
321
469
881
837
675
711
148
548
963
574
811
313
14
285
263
73
964
28
548
873
671
877
851
250
270
646
802
327
790
77
883
990
401
752
120
395
770
709
235
664
748
808
502
496
989
775
61
823
795
870
802
637
416
607
667
467
223
969
2
117
577
33
300
638
18
40
115
773
531
751
36
601
103
688
338
593
849
824
349
478
34
313
454
560
546
758
135
68
649
537
943
374
30
352
805
647
159
651
755
884
398
668
941
623
38
934
134
554
90
723
284
360
200
340
667
222
90
815
749
31
834
147
442
266
208
994
372
538
873
325
628
680
74
123
783
988
110
382
656
943
281
590
644
589
859
436
668
685
901
51
962
221
867
134
672
975
176
459
797
995
972
338
774
195
519
194
639
568
840
132
673
427
996
2
928
173
42
984
760
715
618
194
836
680
712
888
597
636
1
690
504
958
418
782
59
755
330
98
505
964
304
177
512
720
706
666
203
538
952
822
182
865
589
409
774
157
938
877
612
342
69
971
954
840
779
156
469
456
480
300
376
970
229
518
38
554
605
613
181
415
318
755
914
65
767
920
339
921
396
167
117
363
864
880
155
330
776
347
240
872
505
537
467
352
233
779
490
870
308
138
591
863
573
169
634
870
261
122
324
126
852
339
398
283
723
617
958
929
90
185
762
736
623
754
952
9
79
238
57
649
516
681
471
778
215
780
822
374
191
347
818
974
233
263
791
473
701
865
850
371
922
357
23
418
833
443
137
701
959
820
557
206
877
632
825
589
775
161
436
863
65
395
572
356
92
500
275
514
616
472
615
612
36
875
736
611
568
962
385
807
561
770
744
942
696
559
792
942
691
314
797
605
63
233
828
937
729
632
102
301
800
182
443
524
469
114
168
972
805
911
912
561
305
560
313
172
834
306
824
897
169
634
236
349
401
259
746
114
964
398
767
917
810
983
121
292
619
952
690
624
90
160
829
778
632
578
438
627
593
647
438
105
633
483
995
28
460
291
793
92
256
547
835
242
531
430
385
319
176
801
672
114
290
28
105
437
171
791
912
987
507
914
900
387
262
421
61
371
121
600
529
645
685
168
784
116
298
270
478
405
349
697
171
487
688
919
215
996
153
785
588
11
134
602
952
623
233
458
918
131
950
807
319
389
309
256
865
446
332
179
270
395
37
757
578
693
220
895
48
919
282
726
485
702
502
712
596
264
203
175
698
856
931
170
285
392
701
756
164
444
116
510
71
983
41
908
755
453
439
506
537
189
123
248
175
926
882
571
332
952
574
584
96
261
322
596
397
347
925
473
450
531
487
873
249
781
908
613
586
907
358
814
194
334
868
281
96
622
705
405
217
639
534
314
305
668
524
548
933
61
746
189
738
574
648
928
900
911
542
804
173
964
982
757
617
229
342
956
332
697
29
937
456
710
888
518
332
501
39
81
664
298
539
455
485
336
797
169
524
703
517
468
295
817
197
579
501
35
250
945
677
665
965
944
252
354
835
502
183
284
353
747
4
548
318
234
619
846
817
123
382
921
366
607
525
965
678
498
236
146
57
100
15
149
491
315
928
652
983
274
597
487
699
96
488
208
301
123
114
498
490
397
161
437
121
169
909
401
249
504
777
873
620
879
653
650
882
753
520
725
978
281
382
157
401
577
788
191
666
473
831
182
549
317
44
368
773
114
545
795
469
837
961
535
334
293
652
398
412
210
515
638
433
122
681
280
389
393
780
301
777
601
117
605
402
134
689
341
315
688
324
798
890
249
874
975
183
396
597
229
956
258
577
155
324
469
893
89
99
444
588
467
38
670
387
852
751
164
474
735
303
583
757
281
566
271
477
496
966
135
608
721
800
132
34
338
97
39
318
360
257
977
467
457
954
957
741
761
415
325
125
732
182
589
672
296
858
478
273
38
323
994
874
571
199
421
201
267
651
87
106
226
667
692
660
743
610
381
307
744
95
791
940
333
565
652
939
200
538
851
803
373
511
695
655
926
433
841
264
658
437
372
504
902
379
5
404
157
109
197
556
38
603
991
20
431
387
528
414
553
440
870
455
337
581
540
490
495
163
859
286
753
141
886
58
462
528
254
95
473
832
678
1000
780
449
946
479
339
542
832
670
160
765
411
509
113
984
557
635
178
945
690
237
718
657
982
105
247
86
895
279
687
433
227
466
697
290
707
308
617
265
964
651
195
387
525
307
319
984
925
593
807
698
581
769
14
34
738
523
449
113
367
664
406
363
479
951
290
809
230
295
499
48
595
306
63
377
570
989
747
293
836
294
720
859
900
106
840
329
844
2
979
489
345
141
588
175
737
691
511
3
514
13
434
841
238
993
263
118
563
251
32
482
70
537
680
927
4
713
298
786
168
554
194
984
534
861
384
226
8
408
390
681
663
201
406
965
411
838
410
996
1000
697
260
204
349
182
836
288
709
290
923
874
786
667
35
655
626
209
702
278
459
989
441
511
396
232
464
212
690
580
398
136
105
256
41
854
678
302
281
162
498
181
622
832
347
184
229
382
934
283
743
522
768
631
268
226
166
643
111
752
860
206
954
509
84
576
469
452
380
923
921
362
69
488
876
84
493
103
662
156
457
445
803
669
795
260
304
787
586
765
693
174
459
370
254
11
966
251
135
466
881
840
765
73
355
400
24
378
801
62
900
130
540
749
757
535
571
241
238
123
71
118
826
580
517
672
540
41
375
927
571
406
304
910
944
171
314
530
279
514
658
371
847
364
122
723
131
57
960
113
230
96
615
548
164
842
704
536
767
716
320
906
734
518
281
482
618
562
798
46
62
22
988
408
1000
651
126
805
821
49
633
146
482
910
16
287
510
742
884
219
659
155
98
928
639
500
789
863
307
302
105
87
917
944
635
513
275
220
453
7
71
627
717
838
937
719
794
176
408
41
20
842
200
649
728
562
81
787
75
366
949
25
780
350
185
719
30
251
428
120
305
883
160
857
714
626
463
920
999
750
975
391
117
158
58
175
630
544
917
370
828
842
361
957
885
224
242
360
885
681
888
453
448
362
621
284
750
546
535
626
909
523
337
769
709
638
329
975
485
782
8
620
697
261
44
737
428
877
90
251
378
214
270
726
892
55
354
36
588
546
127
341
630
720
698
203
475
609
566
16
146
481
836
411
21
406
505
972
186
123
176
781
888
555
679
62
712
931
228
601
462
635
89
88
834
158
408
705
41
157
727
672
749
103
439
679
933
93
564
453
164
366
936
91
949
423
922
505
952
789
110
669
737
648
257
875
311
660
325
731
793
15
177
811
13
647
512
926
468
229
196
897
668
368
690
396
824
149
607
666
963
712
907
562
920
927
514
437
585
16
469
960
792
504
444
322
73
916
944
334
102
610
1000
437
666
799
466
202
107
500
467
472
698
234
89
930
336
742
501
12
395
964
920
503
224
819
916
158
943
877
121
911
843
387
665
990
278
370
857
129
112
166
197
738
622
972
474
462
603
176
6
277
961
419
646
391
552
155
404
70
523
90
447
936
466
329
525
981
772
284
2
794
692
413
889
248
639
722
664
307
945
765
620
543
789
45
602
315
741
113
42
783
331
258
218
361
657
623
762
420
264
143
832
10
603
407
109
31
357
575
816
740
8
360
971
604
23
982
991
10
231
252
221
524
626
655
707
39
347
660
157
724
198
878
161
105
313
265
562
528
967
307
633
271
776
569
466
114
833
510
779
139
571
282
197
477
357
585
60
275
813
112
100
776
5
184
34
214
679
817
878
208
67
895
859
687
815
346
469
253
935
870
546
674
140
519
274
939
923
638
375
687
710
538
205
644
689
761
480
443
852
129
374
700
167
498
411
133
771
244
632
331
599
366
932
936
580
628
536
47
973
604
413
795
528
755
440
878
934
466
650
488
105
849
265
761
695
97
338
399
603
848
196
638
258
700
159
514
349
391
714
566
562
894
460
291
859
104
832
354
988
686
167
745
637
384
528
674
369
902
727
924
889
305
963
891
430
75
697
57
267
7
177
561
234
144
312
904
515
937
735
660
190
336
52
412
466
893
724
285
97
633
333
586
216
211
594
175
85
760
413
633
440
58
238
820
205
53
417
823
652
518
575
988
965
829
549
276
295
851
947
342
901
781
924
872
915
245
475
957
43
876
469
406
685
802
312
452
87
377
364
165
765
704
303
50
266
101
934
865
90
937
165
233
246
955
923
88
413
360
211
146
60
574
48
174
342
455
4
378
543
800
914
796
940
741
165
442
673
939
369
939
865
359
959
711
586
945
479
96
292
967
277
705
553
507
246
25
211
648
332
580
527
943
834
564
634
986
459
850
599
754
218
682
306
334
368
653
632
177
671
558
13
658
235
329
966
259
287
93
857
965
875
900
349
820
670
424
129
112
306
496
773
956
884
303
173
688
353
158
588
254
450
821
116
31
913
644
143
466
540
996
764
120
476
280
551
102
379
955
999
994
666
240
982
606
659
568
740
885
579
813
677
992
925
114
156
499
370
103
537
606
729
232
569
173
704
147
670
518
755
878
129
382
382
620
382
155
564
405
31
686
683
150
622
229
552
594
298
152
392
426
43
187
652
196
526
19
670
747
294
664
35
344
772
584
102
492
845
997
390
436
130
105
337
858
558
250
602
879
108
768
6
425
552
77
702
626
656
807
449
21
153
10
894
433
106
551
18
47
609
423
861
154
412
932
854
938
701
935
153
938
979
840
410
398
355
44
903
157
33
845
454
955
455
548
279
453
817
764
140
879
970
779
268
520
78
409
59
107
560
361
3
316
639
618
587
841
270
186
262
9
329
550
913
773
39
878
971
677
251
194
917
529
916
143
959
484
285
712
317
853
168
224
24
902
202
339
209
960
65
400
186
782
565
575
279
484
190
254
591
969
597
447
871
80
217
457
149
359
761
274
823
436
413
589
71
263
996
642
598
858
559
882
834
661
838
178
776
82
876
968
1000
273
240
345
868
564
759
761
816
373
642
94
509
342
162
912
727
923
841
636
910
890
806
825
592
239
873
475
485
682
312
914
876
786
483
627
685
697
988
400
839
391
806
401
785
514
963
975
240
652
422
346
642
505
184
1
618
418
882
807
458
431
61
163
374
99
12
353
795
979
789
118
764
437
779
894
447
95
323
191
357
364
755
529
514
39
907
892
757
840
499
929
949
268
377
207
558
691
93
781
428
215
609
12
917
504
799
183
664
820
281
427
882
521
542
817
28
237
659
120
709
958
623
152
623
35
2
548
429
413
111
2
444
253
418
229
622
216
926
579
460
51
358
73
209
171
90
40
578
108
656
439
30
301
930
654
925
632
839
752
423
737
712
318
783
434
863
267
636
980
627
210
768
543
357
129
585
548
478
475
46
348
749
54
611
163
294
149
434
948
390
687
446
372
645
67
367
556
631
613
304
554
897
222
869
603
303
177
883
639
13
884
241
854
533
971
334
674
739
792
50
208
137
209
611
385
899
27
384
809
855
783
542
38
769
892
79
243
317
214
316
896
58
369
104
545
54
829
713
910
441
87
499
486
996
450
977
42
346
172
941
80
318
813
779
289
302
123
375
723
487
527
948
753
995
201
766
405
725
891
620
804
161
54
553
424
739
543
893
93
427
514
479
508
85
809
578
995
968
192
470
844
49
155
922
697
119
143
732
998
16
69
356
691
558
401
840
409
51
51
585
58
427
189
181
755
51
222
891
227
481
965
371
981
772
536
920
286
745
502
124
834
937
542
372
921
887
186
594
892
98
799
151
657
172
851
337
352
954
125
985
552
600
487
467
762
387
662
924
27
892
29
976
826
571
470
572
719
621
426
804
765
9
308
888
763
864
88
708
452
83
671
318
550
151
15
11
284
376
359
911
748
843
268
732
714
722
637
334
626
423
972
692
312
167
834
66
505
473
788
758
558
731
930
635
792
547
846
192
824
612
68
812
973
804
70
801
902
356
164
970
682
623
894
925
668
948
79
576
774
884
619
318
347
707
643
743
22
503
965
15
263
921
18
478
654
518
953
212
277
801
42
846
173
661
953
512
618
906
506
916
385
542
350
735
658
225
576
902
864
17
234
396
663
829
941
712
342
796
186
98
241
463
892
448
234
564
924
622
551
804
635
593
488
221
992
830
650
381
117
281
167
722
93
186
103
131
611
581
142
10
501
202
691
783
301
905
922
810
58
707
728
343
505
269
81
285
695
876
736
36
131
227
938
341
813
601
152
410
945
776
185
917
309
920
121
127
278
626
864
498
741
706
120
310
788
569
54
793
521
68
250
773
452
567
625
404
727
551
474
720
10
270
310
825
443
111
555
694
920
568
146
303
205
420
60
447
126
496
962
689
827
152
858
900
914
456
586
455
703
90
219
21
937
954
840
465
611
375
110
709
295
411
702
418
478
424
708
195
575
317
553
237
999
398
84
826
48
430
899
825
69
185
403
338
77
231
125
110
269
330
838
696
765
646
779
472
398
442
103
95
866
136
523
473
689
228
556
25
169
817
802
685
512
340
664
734
687
277
674
334
408
874
938
580
146
174
283
165
654
977
128
667
427
77
225
406
64
658
721
555
142
108
134
772
861
517
410
657
821
1000
943
307
901
523
160
388
667
497
9
610
757
605
791
426
571
287
279
166
985
354
889
472
910
543
738
837
2
999
103
427
821
759
31
797
245
157
478
972
528
467
876
696
159
71
171
780
174
994
370
34
185
767
247
657
554
239
138
969
134
262
999
255
352
947
745
503
519
605
740
49
178
334
246
221
759
342
194
925
81
694
445
456
75
716
822
917
718
112
106
719
890
481
161
274
382
599
796
205
247
102
414
259
659
520
313
22
170
332
465
173
34
693
154
69
900
571
298
270
733
249
262
69
818
331
667
859
420
841
77
753
98
130
978
522
760
644
625
10
148
88
233
597
155
638
40
928
952
259
552
700
191
731
632
645
284
78
180
264
557
500
591
858
998
116
88
301
67
589
675
307
233
396
553
295
142
412
681
517
449
504
248
806
182
231
504
251
323
54
264
788
616
523
305
453
745
582
418
251
924
628
183
296
844
17
906
342
148
980
322
68
737
70
772
320
76
671
392
639
449
657
49
741
271
376
60
738
98
921
223
535
756
716
228
13
603
319
46
88
274
237
986
142
26
157
22
227
922
686
552
826
858
490
175
747
532
913
453
340
699
813
839
95
666
844
837
188
842
228
313
605
354
134
736
724
973
681
264
604
952
878
365
92
365
476
198
829
932
836
241
162
896
274
214
442
631
661
590
31
9
898
619
53
97
243
880
702
255
91
601
697
830
518
480
138
410
807
403
490
453
938
234
645
232
836
284
245
871
789
112
3
117
729
414
120
8
391
446
981
888
480
677
475
846
343
32
973
954
444
188
96
589
281
798
497
107
532
502
499
826
694
89
430
937
935
618
613
679
673
546
985
920
429
319
474
993
336
406
807
615
654
156
980
99
974
568
246
838
343
185
470
969
287
23
660
431
463
242
129
49
597
831
885
370
762
967
757
913
59
327
618
120
742
810
981
157
520
141
411
403
564
958
533
182
979
633
381
387
936
913
823
533
202
297
618
729
919
663
348
245
666
476
421
15
793
547
903
925
403
701
75
507
373
947
994
485
964
91
561
446
311
208
265
99
374
954
798
330
921
621
22
774
303
308
785
39
407
612
870
107
470
114
787
719
542
132
237
396
899
418
859
669
571
164
726
471
993
419
7
166
521
947
305
467
470
110
362
980
683
258
814
318
575
174
657
227
555
965
347
579
454
157
158
944
244
335
77
220
332
620
367
339
494
858
805
857
799
180
914
806
631
712
543
908
114
420
903
939
832
650
156
910
388
676
356
302
893
844
245
866
270
734
826
314
870
936
715
11
587
687
68
875
838
850
285
929
193
932
272
530
419
757
863
621
987
703
208
654
914
589
639
910
851
368
18
456
343
922
277
343
529
614
295
251
263
759
879
690
244
500
598
612
904
137
727
914
675
981
62
659
297
205
811
919
145
109
897
540
615
189
308
119
981
624
458
771
350
623
978
626
381
190
228
777
363
971
506
725
192
340
73
908
413
767
600
639
442
254
227
220
606
246
883
719
156
582
670
322
539
679
51
195
773
372
225
233
249
678
215
492
675
208
518
522
830
566
38
100
920
102
261
49
603
93
640
364
570
665
573
94
58
210
769
705
971
626
146
20
109
512
284
324
451
562
314
959
54
900
585
610
787
631
323
863
258
326
969
344
360
721
912
726
408
687
476
48
379
637
989
801
273
200
662
958
346
189
288
906
563
556
663
322
147
830
441
879
207
710
199
717
259
784
430
249
406
878
440
922
669
177
618
999
872
82
683
523
939
877
25
357
839
684
270
121
703
964
914
409
999
81
544
322
921
808
656
110
34
171
134
608
783
528
187
97
354
370
813
596
280
780
767
201
401
866
41
522
185
324
32
86
172
779
262
828
940
110
117
146
376
301
890
675
204
327
862
647
492
711
247
382
272
549
856
103
506
215
716
874
525
189
249
712
774
151
46
876
877
886
293
427
789
633
803
382
864
857
817
274
31
789
270
996
32
916
193
460
768
423
164
705
356
573
870
816
931
787
634
122
461
397
206
536
937
391
816
258
537
608
123
373
442
62
710
420
625
165
903
321
931
586
116
563
143
680
392
818
181
42
119
241
254
713
634
351
247
806
602
426
973
309
321
491
571
508
592
696
154
917
451
551
659
598
658
186
889
964
123
465
354
790
877
40
577
384
529
713
656
953
753
182
45
161
300
808
224
426
910
928
267
852
932
63
531
462
729
269
899
20
648
719
160
711
806
444
135
240
526
31
380
564
643
56
23
621
968
59
676
765
603
1000
455
925
919
478
682
54
336
633
992
336
120
49
760
643
815
805
624
967
718
495
552
915
167
691
927
313
583
103
64
383
775
638
682
607
450
268
297
453
48
743
848
328
106
215
254
361
278
921
640
145
212
766
818
99
753
24
3
277
521
986
614
501
740
43
827
925
58
266
462
323
256
264
268
903
263
221
809
931
751
228
975
657
436
626
65
399
63
659
61
640
761
884
56
800
194
194
868
868
360
873
327
587
994
23
441
868
245
107
824
735
249
469
216
849
526
435
844
804
923
31
238
731
110
350
283
835
342
358
609
628
832
889
502
191
899
424
690
69
460
944
931
755
741
361
470
631
36
116
498
515
607
169
695
808
139
296
579
165
503
990
481
666
348
622
458
903
169
873
239
897
451
675
388
96
451
645
508
859
186
785
78
269
23
805
281
837
778
664
922
315
130
621
475
179
767
990
68
874
930
987
543
543
489
565
752
605
113
772
796
330
811
578
908
140
845
957
667
307
819
674
884
227
364
952
944
482
253
179
808
461
711
483
269
288
981
643
667
778
934
337
709
113
131
861
4
953
325
533
427
949
698
882
400
505
774
648
205
340
331
662
191
118
606
352
109
474
928
504
572
599
475
689
875
204
54
980
238
983
179
998
516
497
31
390
651
987
970
854
436
554
308
994
682
857
877
832
990
778
965
266
701
287
54
383
875
968
479
941
275
861
259
383
926
479
746
176
372
173
526
455
67
222
737
132
18
950
7
364
850
807
500
812
122
788
521
171
593
306
555
667
771
683
470
750
162
292
54
340
243
109
544
611
289
563
218
184
122
726
220
993
456
329
498
11
821
422
688
416
985
612
752
860
73
357
979
100
304
434
264
948
795
709
352
656
673
843
741
571
516
168
847
943
785
620
206
549
405
133
393
435
204
16
657
14
316
912
408
864
129
693
314
283
331
367
461
370
409
81
463
912
55
807
402
241
504
461
330
365
803
220
194
170
234
257
731
451
186
421
45
575
498
85
42
159
108
206
307
290
606
561
754
833
856
791
508
982
115
806
434
762
620
32
300
410
26
286
283
805
666
461
51
83
412
395
125
99
901
381
777
896
331
689
580
98
61
554
181
335
419
885
264
356
230
814
347
680
960
324
804
650
873
434
397
429
360
740
227
611
802
385
309
809
123
706
934
901
957
37
716
400
484
711
859
945
719
639
714
902
66
998
546
748
996
40
635
296
27
318
993
61
168
305
202
988
733
428
865
22
36
104
350
952
679
519
616
378
752
909
442
660
424
60
248
137
570
256
562
180
822
147
472
51
889
651
246
32
325
988
472
236
653
717
665
456
796
23
914
588
902
953
118
838
551
650
856
103
549
635
62
861
692
853
110
175
685
25
346
55
9
297
152
229
27
997
717
523
981
782
282
126
386
79
757
988
203
513
999
618
513
546
252
504
718
485
856
261
616
579
339
383
472
621
99
855
537
6
199
527
22
832
549
189
847
779
55
848
822
803
491
687
130
504
50
881
124
517
489
471
754
495
873
76
768
414
541
983
594
949
993
203
27
443
793
181
785
400
291
531
922
890
278
595
242
209
233
847
298
379
39
274
704
121
422
836
882
623
917
447
479
509
108
72
374
525
512
793
581
869
864
604
276
622
353
63
930
427
421
861
124
70
750
859
930
901
231
104
132
249
914
751
209
950
618
244
454
389
280
885
938
387
758
623
986
509
207
120
521
441
329
202
286
123
840
314
664
207
370
53
251
237
926
819
248
222
851
94
842
378
721
682
160
449
865
951
904
520
237
654
603
789
570
360
291
993
933
19
874
8
20
221
532
988
41
19
446
966
800
309
889
167
449
618
594
480
193
563
472
191
462
453
296
991
690
405
734
529
868
431
436
200
315
440
469
651
231
533
781
36
404
719
398
889
685
901
937
772
35
544
705
851
444
734
527
670
470
668
453
512
975
51
528
546
208
160
391
210
678
491
517
597
121
608
281
576
140
178
142
706
893
237
869
531
442
403
237
157
744
96
311
915
34
486
652
297
460
266
336
599
293
927
614
393
618
749
924
13
690
778
141
255
866
357
171
132
279
304
637
661
884
723
172
41
371
858
816
682
262
840
500
656
872
232
482
153
864
375
906
483
604
36
923
365
456
260
303
544
252
995
510
196
497
46
395
676
686
76
222
865
868
399
85
12
754
718
198
908
251
389
965
845
961
790
540
641
713
108
234
460
616
256
740
766
672
864
32
291
366
478
59
386
360
678
811
12
327
589
395
281
818
385
926
70
835
373
747
1000
131
764
238
867
598
94
590
152
145
844
551
41
56
91
961
536
859
976
58
753
368
668
979
1000
912
550
829
298
995
989
251
596
810
540
409
210
969
189
884
476
438
821
153
991
69
912
240
13
808
350
496
216
628
953
862
302
182
667
101
767
256
104
709
286
205
982
259
103
233
987
406
604
554
659
740
632
575
471
318
331
760
619
796
374
856
228
634
817
929
450
871
951
620
237
969
513
758
982
519
445
1
854
997
298
426
475
21
928
639
847
149
467
890
500
564
893
779
140
669
170
747
815
662
504
851
633
132
828
656
877
104
440
402
37
906
805
558
673
390
255
492
256
354
124
7
447
891
856
936
701
650
578
816
27
620
972
801
43
891
734
861
348
410
773
157
166
988
134
979
963
447
376
687
699
405
451
600
432
775
473
184
891
327
871
795
809
808
25
432
55
330
177
477
476
718
764
152
233
779
691
212
809
113
292
221
236
162
621
479
638
885
642
570
674
374
644
257
921
737
539
742
646
742
303
667
536
577
926
384
826
9
752
878
759
80
337
948
691
634
682
240
253
51
885
366
131
171
150
587
617
914
503
440
310
828
22
16
729
948
251
5
333
14
651
837
586
380
215
754
896
92
333
478
631
442
41
229
543
216
523
615
998
461
187
167
328
949
490
682
744
897
536
764
935
46
660
714
159
987
278
138
791
897
321
317
341
406
196
517
806
199
946
21
413
699
499
694
691
562
549
61
367
951
220
754
576
402
228
430
918
728
925
397
650
303
324
62
995
975
216
349
586
970
414
986
526
931
544
533
282
59
76
116
132
716
915
116
613
771
518
78
131
735
367
431
834
419
509
315
363
341
330
974
198
456
388
588
530
336
308
732
256
762
753
74
23
202
61
919
935
920
638
292
61
928
810
906
599
36
161
477
321
141
441
460
458
444
261
632
625
597
736
799
148
854
260
124
626
732
904
79
268
219
361
820
809
80
673
986
767
153
273
943
892
585
611
368
595
642
713
582
236
406
127
379
566
171
925
470
785
856
769
310
908
405
911
548
270
272
404
14
446
45
712
582
20
652
758
224
711
498
446
223
308
542
768
694
540
257
356
566
905
589
282
407
725
196
927
417
316
977
861
739
967
504
295
511
767
346
36
814
312
824
963
259
333
633
108
128
835
29
367
207
80
973
184
53
220
50
873
610
772
989
111
632
968
277
849
482
753
373
162
897
802
560
780
601
158
206
25
380
526
693
753
897
774
574
204
80
814
889
136
977
378
383
138
385
968
262
989
341
550
494
697
822
123
821
19
779
675
2
650
653
807
810
570
718
758
967
746
704
542
980
412
166
943
524
676
835
750
341
684
786
732
684
777
179
45
44
649
620
871
667
8
978
822
889
468
155
873
34
246
313
514
605
141
717
154
703
345
250
127
130
591
980
555
991
881
652
775
160
858
910
822
867
873
839
32
880
182
232
840
520
456
320
528
853
515
277
365
650
906
744
298
661
349
282
211
800
82
422
146
937
237
645
574
798
498
107
911
236
777
565
490
469
24
589
369
567
682
266
700
692
634
35
471
451
628
392
454
903
944
255
567
533
21
634
765
652
179
638
860
932
303
214
155
138
233
507
316
734
239
664
459
501
138
547
133
610
297
71
448
646
990
646
186
283
202
742
499
492
404
261
390
903
980
375
237
808
484
374
725
27
876
761
277
114
655
694
578
648
135
758
676
761
709
168
16
945
454
164
852
174
912
524
455
107
196
724
690
170
101
187
846
661
437
32
66
809
672
530
707
175
370
721
874
641
386
239
524
582
570
105
414
476
47
995
306
607
421
440
529
221
825
406
367
123
820
354
395
388
407
462
838
763
257
295
123
510
210
771
270
159
680
237
741
419
736
782
976
628
743
765
588
335
699
151
872
422
978
516
147
667
360
630
306
281
100
756
564
983
681
306
458
240
546
487
976
576
216
749
605
22
245
239
204
107
699
436
444
648
234
30
75
258
963
311
386
888
85
406
724
301
333
93
583
726
32
964
735
521
795
137
721
824
592
570
28
913
89
925
819
729
131
373
9
944
837
479
605
476
32
677
351
828
166
200
721
916
13
964
141
217
832
219
412
988
667
745
402
135
945
985
825
662
167
48
581
370
790
104
193
746
108
590
926
941
284
372
361
786
505
278
586
256
205
436
826
531
334
746
544
377
219
799
225
237
736
346
742
183
113
466
219
851
709
131
900
663
612
627
814
591
880
808
957
69
824
506
67
745
546
921
592
156
992
188
446
777
907
832
614
189
731
116
552
580
848
685
718
807
570
172
690
375
152
180
553
250
613
59
906
672
559
979
383
736
426
238
533
872
101
203
269
567
213
985
237
619
929
321
641
723
304
517
894
569
530
962
926
560
934
755
265
80
592
28
168
282
949
140
298
713
788
62
571
99
185
518
819
989
407
487
125
627
943
714
230
425
271
438
994
138
900
305
857
831
543
947
613
758
723
898
693
732
343
205
181
146
978
907
44
94
227
744
430
787
153
258
575
151
8
805
604
49
662
442
412
219
593
575
212
48
676
131
476
1
518
462
248
893
98
218
16
883
295
312
730
391
953
848
874
36
331
235
570
688
677
287
63
573
922
597
472
959
768
156
240
103
12
231
300
667
568
774
690
394
533
833
35
265
52
758
928
193
711
254
513
631
825
117
604
27
418
455
414
706
58
229
215
758
722
522
477
328
142
365
945
357
399
916
96
973
736
392
515
256
739
311
136
333
623
421
162
33
132
48
305
961
897
640
77
536
373
612
804
232
823
63
31
676
47
751
86
516
689
427
7
753
208
78
919
654
666
902
39
194
230
681
17
615
311
923
330
271
473
177
347
145
38
19
207
858
489
16
853
552
938
401
183
878
468
511
49
920
784
239
85
819
61
731
928
457
846
19
493
424
61
803
656
12
924
838
751
779
829
906
174
526
934
643
594
460
787
619
885
222
353
280
339
264
750
123
642
570
21
35
684
433
47
529
284
884
814
613
969
296
529
703
382
540
653
102
639
200
738
348
73
926
259
157
273
453
748
66
969
90
597
814
884
47
847
250
548
715
110
54
727
62
243
999
795
4
255
805
601
263
510
607
189
938
332
32
463
250
745
896
921
817
75
589
468
784
723
948
936
341
700
517
884
485
675
444
582
675
307
298
656
358
701
57
832
196
330
193
451
715
170
573
758
684
104
61
556
778
999
979
150
566
737
534
830
501
72
818
71
578
758
863
294
833
732
849
159
91
742
890
99
851
970
669
894
227
500
466
109
956
320
286
373
502
344
31
333
689
521
3
877
120
490
417
374
380
236
57
520
59
224
782
7
680
461
653
612
648
97
476
411
882
12
460
876
285
112
372
548
768
210
875
195
211
398
78
904
775
496
540
182
864
994
557
92
159
505
268
620
596
502
962
287
477
89
96
810
38
411
166
434
14
390
27
947
239
308
601
836
343
315
272
676
81
134
855
316
571
700
165
183
175
635
23
346
317
92
82
149
842
310
387
556
419
680
724
40
441
425
773
77
233
291
732
376
470
473
385
391
28
763
756
371
238
418
510
142
216
202
510
504
58
427
896
567
780
338
888
846
677
58
145
32
589
39
811
636
707
174
31
641
398
441
194
488
523
402
765
350
689
644
247
929
743
916
746
603
896
182
639
534
504
735
52
271
86
546
79
123
678
682
366
92
737
830
940
584
521
973
49
465
246
930
894
427
587
611
520
147
149
253
823
413
689
230
201
30
241
681
231
583
610
178
203
608
138
783
710
609
936
247
212
822
196
992
22
861
585
222
913
618
684
654
857
54
203
43
812
913
408
447
730
313
512
338
426
748
578
671
841
648
380
169
742
232
66
26
813
610
970
506
233
543
718
14
998
41
656
141
235
830
712
452
378
367
796
62
591
990
670
957
3
881
615
615
285
183
362
175
44
790
665
643
544
801
751
793
989
368
232
728
971
520
884
319
150
103
470
181
953
388
259
734
652
22
838
998
797
973
189
280
310
932
92
673
192
193
267
760
896
769
473
323
512
767
219
914
895
372
845
762
562
461
577
198
265
951
186
841
642
303
728
472
450
445
92
841
36
582
152
182
11
836
718
766
966
806
687
200
761
507
632
189
63
481
432
541
834
680
730
403
446
116
865
720
287
803
945
972
229
902
897
365
19
932
967
1000
520
464
589
534
623
117
938
111
467
854
282
471
604
153
491
531
383
13
254
420
992
967
242
205
450
702
512
73
261
308
816
186
51
230
963
320
853
725
133
276
130
808
35
305
99
347
615
484
587
112
31
576
585
668
579
569
311
64
394
815
374
819
775
179
441
754
640
246
748
898
156
181
200
928
773
758
564
780
297
347
23
970
347
478
979
600
719
771
275
376
874
428
566
607
84
841
831
525
512
493
723
104
290
12
275
468
428
764
685
346
307
10
50
554
145
184
799
277
712
401
732
7
355
616
624
140
243
466
630
568
654
552
70
248
4
513
27
146
208
127
292
290
502
851
651
702
406
431
108
176
205
932
61
345
522
535
346
215
229
84
21
842
212
814
699
619
839
168
74
554
555
30
315
300
247
740
964
769
364
69
307
35
864
811
770
746
647
729
759
230
779
876
173
383
351
50
664
741
164
475
763
582
641
517
147
92
485
377
723
203
253
943
335
827
263
442
801
49
166
541
593
416
696
792
65
885
959
547
201
829
56
476
662
683
497
427
290
226
992
899
802
601
702
908
326
346
481
344
572
266
355
889
157
163
724
508
648
311
334
617
463
667
870
338
683
419
241
361
183
125
573
13
620
266
96
994
789
929
451
887
159
931
779
64
672
893
351
429
450
822
330
999
683
625
595
349
782
856
207
111
161
616
153
931
802
277
759
662
261
747
374
858
94
316
411
260
585
445
15
761
141
83
840
190
807
427
842
424
278
195
176
464
91
803
436
786
631
514
602
738
436
201
752
582
129
714
211
247
366
612
710
249
713
45
568
203
715
295
212
532
688
928
684
276
458
328
91
725
699
753
465
781
602
208
275
135
143
383
409
285
601
171
703
632
102
16
614
347
49
880
629
338
86
884
770
385
511
881
593
978
681
982
571
476
634
140
462
495
656
22
113
5
803
74
316
641
608
411
140
67
97
422
120
631
648
468
522
214
443
384
25
537
232
304
972
984
627
722
454
781
728
448
362
556
15
15
482
810
337
411
923
770
922
235
353
333
110
39
278
49
415
157
462
2
349
464
322
26
151
918
989
856
301
340
891
717
876
622
582
130
487
192
315
771
984
86
994
627
805
887
919
194
747
785
425
385
793
464
623
43
927
968
354
822
123
683
333
2
628
453
291
187
684
170
588
440
132
559
81
859
79
54
142
748
911
270
113
417
477
298
903
146
940
275
804
272
507
931
742
542
87
665
572
853
271
84
195
337
249
750
605
555
801
44
986
335
947
895
381
367
292
143
743
390
376
153
876
569
633
927
36
507
629
112
279
305
88
313
917
666
153
813
438
678
674
891
362
368
163
642
429
185
110
26
332
863
876
948
456
588
953
909
90
732
435
256
935
467
726
746
266
236
497
573
272
71
826
718
898
185
898
774
599
371
411
557
615
812
660
564
431
729
444
71
65
342
175
961
148
932
98
54
700
203
301
478
239
425
869
493
35
929
267
188
244
265
998
117
113
99
978
407
615
908
956
886
910
297
759
447
133
441
236
718
488
952
303
812
342
758
744
136
520
721
966
182
728
579
86
556
660
827
479
356
988
383
874
879
90
857
340
994
119
705
928
601
97
573
51
642
503
131
342
184
370
521
273
561
604
286
308
52
880
987
950
185
900
407
804
763
867
985
383
620
838
981
637
317
449
670
968
703
869
620
849
17
18
502
468
624
435
44
871
611
350
263
896
992
549
875
102
911
123
356
496
823
55
280
862
72
525
324
658
585
132
354
442
300
780
770
296
214
166
503
163
22
676
12
861
895
310
149
504
422
624
835
375
977
890
307
927
455
817
878
153
712
192
546
789
721
494
659
451
519
532
66
50
869
661
184
275
785
41
865
161
181
223
944
456
406
197
254
367
685
50
155
295
532
285
292
689
65
913
983
567
49
457
86
697
621
336
435
750
955
576
81
474
974
958
730
887
879
280
479
391
452
518
229
540
830
257
534
454
438
217
283
33
147
591
600
550
468
58
298
61
555
662
654
446
810
373
794
375
272
750
787
811
357
518
5
902
199
49
170
356
945
168
700
591
286
296
153
977
948
754
114
161
244
46
62
635
955
339
470
624
442
74
94
144
873
143
592
945
962
751
318
914
481
672
249
522
17
691
432
724
655
455
985
878
964
332
835
377
300
498
934
951
887
74
403
106
858
140
430
55
541
869
834
553
161
49
748
175
136
714
688
111
309
711
224
132
823
857
1
261
506
717
307
96
13
102
77
365
425
644
543
546
626
633
976
332
594
779
525
269
998
540
31
942
883
689
753
689
159
776
1
432
832
726
664
170
903
720
153
743
990
298
316
714
602
682
582
318
593
965
922
117
246
180
565
24
422
802
657
574
472
143
99
362
848
612
385
567
127
614
87
784
121
915
207
256
527
608
503
953
41
624
41
724
542
550
848
745
787
580
52
601
804
161
641
924
51
482
107
931
629
607
390
737
830
112
779
847
167
884
233
346
243
611
798
281
571
968
968
603
308
92
672
613
999
977
449
793
606
609
20
880
941
298
887
909
350
303
602
674
990
463
846
767
393
322
818
242
76
136
878
346
115
239
556
35
725
516
938
114
193
376
979
846
511
122
43
755
551
428
809
672
285
528
139
962
161
662
939
302
472
903
281
710
451
277
956
759
960
687
937
264
208
607
6
745
275
260
44
570
304
640
786
356
493
378
489
927
236
131
181
145
390
650
200
440
389
111
92
685
731
387
920
586
632
303
764
640
653
93
971
334
535
772
315
96
153
860
738
659
524
63
266
469
426
77
96
279
327
228
463
891
285
234
358
31
655
718
932
544
204
730
511
609
592
515
