863
590
287
792
450
714
51
126
183
93
359
457
362
870
841
427
744
62
789
278
649
841
454
795
532
485
71
539
76
807
760
310
302
130
337
265
849
856
28
643
820
980
410
845
974
226
456
95
384
555
323
978
184
606
192
545
843
545
31
888
378
974
503
232
114
92
378
656
606
225
955
756
493
815
958
841
723
799
242
750
693
377
971
187
999
49
890
722
703
463
504
983
46
618
348
292
269
548
309
120
285
930
435
487
647
34
289
658
786
956
303
213
279
491
36
810
477
428
411
575
23
124
566
669
602
247
107
325
719
189
403
945
97
565
438
875
624
131
73
701
799
898
10
3
64
148
287
441
881
566
88
836
988
971
775
777
172
691
492
759
496
941
713
264
286
780
358
749
737
797
339
622
876
748
917
351
976
803
782
656
231
294
909
350
133
77
177
225
866
424
566
692
295
498
68
79
759
168
735
905
582
332
591
921
168
296
622
371
241
236
863
203
132
320
227
845
231
975
645
158
124
693
487
998
833
547
604
826
757
586
391
922
112
87
401
344
284
2
224
939
949
475
187
564
358
476
843
216
92
676
636
208
148
980
342
516
1000
144
953
29
349
472
176
376
325
981
162
326
987
271
295
901
949
378
242
802
818
867
965
271
666
536
183
511
315
829
456
818
993
519
738
748
858
995
88
636
811
421
821
782
553
410
8
167
4
96
27
289
269
685
794
603
304
840
5
168
798
199
209
705
459
230
253
998
702
427
460
114
386
619
789
390
30
296
691
949
872
325
654
977
52
670
75
103
120
32
717
358
25
481
470
37
773
996
218
160
944
567
106
542
60
655
864
134
787
694
973
216
217
739
705
147
544
998
830
222
529
896
566
11
806
702
180
584
66
968
125
659
883
556
227
217
474
266
89
759
275
197
469
769
417
438
522
132
698
566
397
903
649
275
253
955
868
786
173
134
195
242
430
860
245
357
194
947
317
580
894
486
904
791
498
697
97
509
685
359
331
946
229
888
510
417
401
159
397
745
206
984
209
376
910
892
378
865
238
376
216
299
731
929
35
835
937
274
564
542
907
28
470
546
171
972
105
439
103
86
71
87
916
945
936
875
373
47
601
84
769
566
783
353
530
794
425
671
435
270
343
55
78
149
388
875
985
652
720
85
792
182
21
507
730
456
477
556
496
602
935
42
681
706
18
679
278
390
530
651
845
908
904
67
633
611
510
458
299
127
420
918
944
765
298
47
869
228
147
756
186
420
541
398
410
577
168
960
773
627
619
707
805
267
582
488
437
772
945
796
844
982
870
921
12
160
607
975
770
22
447
336
731
544
919
282
899
364
679
249
315
655
309
850
903
239
965
75
350
583
465
547
631
121
905
944
821
188
929
942
109
939
297
943
636
980
394
318
170
757
727
789
344
355
96
506
169
777
357
252
613
428
772
117
340
434
852
380
295
859
246
447
891
347
52
728
278
461
157
358
132
868
568
203
1
460
492
948
367
317
17
765
524
116
149
356
228
280
633
403
115
435
815
66
267
134
399
917
254
319
439
998
285
268
653
340
13
530
381
507
125
533
402
63
129
171
590
135
936
505
725
276
49
534
61
964
966
440
63
735
235
238
128
798
96
394
53
877
649
955
635
343
405
900
803
18
97
360
366
486
539
633
847
960
28
256
871
939
148
888
453
878
954
151
836
721
394
386
358
400
955
67
487
944
403
778
416
673
23
760
160
346
676
267
121
49
464
859
621
814
108
610
299
356
740
917
613
347
465
330
41
305
267
300
991
430
75
730
510
202
456
467
101
36
323
187
726
174
20
249
999
912
316
907
951
508
34
208
824
359
342
656
933
66
40
636
327
758
963
801
331
591
334
648
798
837
50
676
63
267
191
9
917
750
502
876
903
676
575
638
522
995
772
258
263
567
375
292
751
739
992
375
837
361
919
837
488
778
391
697
56
67
836
586
211
908
720
512
955
197
32
424
976
939
131
700
892
933
650
839
977
916
947
65
691
397
594
415
481
943
713
632
846
531
928
968
432
784
701
29
909
47
759
204
718
69
730
186
819
104
590
842
579
71
121
52
289
502
484
71
889
514
453
947
148
451
430
677
762
631
816
975
538
842
913
488
934
872
721
716
132
241
356
613
617
200
144
151
634
613
835
813
989
789
177
199
706
124
731
242
986
480
594
176
610
42
51
592
566
493
989
159
133
793
595
990
356
872
566
587
665
73
881
220
721
896
755
536
74
900
551
551
240
569
951
761
71
360
9
553
687
433
681
960
78
366
811
852
698
397
989
825
724
389
611
605
171
470
777
11
32
431
434
62
117
624
611
792
435
710
795
285
591
519
486
542
119
287
516
402
109
909
308
126
209
999
440
554
218
531
176
998
65
397
164
185
260
326
911
350
102
105
120
201
304
349
238
780
645
196
595
176
335
697
741
467
157
477
367
557
661
618
836
752
570
690
157
895
47
285
629
964
157
187
874
49
216
357
447
888
742
135
64
116
158
502
186
677
799
591
425
828
154
858
526
260
146
100
572
319
1
533
807
454
456
484
306
632
591
293
645
945
516
600
321
349
539
279
735
431
199
757
462
43
595
695
836
606
241
8
980
319
37
261
804
557
554
384
733
752
476
102
869
575
405
893
434
245
367
834
672
608
275
164
197
499
47
927
39
395
517
145
987
775
224
476
302
296
659
710
880
778
267
981
200
145
563
49
514
247
931
922
557
307
946
622
386
197
506
445
797
696
700
43
670
490
251
24
844
822
718
567
420
708
259
77
814
73
957
60
72
540
65
719
567
829
648
55
848
201
994
228
758
625
511
548
588
14
547
345
177
9
964
640
596
801
939
358
136
675
374
840
896
340
431
345
462
190
79
243
530
904
637
999
876
513
941
308
111
38
380
1
126
385
456
590
941
283
646
767
714
911
118
63
194
980
75
619
751
723
891
738
588
30
263
854
591
632
290
208
939
146
722
75
186
663
731
570
960
86
809
37
81
238
381
365
454
619
775
367
24
544
44
525
766
988
704
989
2
608
918
440
84
785
1000
713
680
734
791
356
445
410
115
521
405
397
31
175
106
43
154
976
29
174
182
579
642
253
333
260
760
837
840
822
685
226
67
827
364
69
306
562
934
248
472
114
326
571
328
189
579
127
881
241
582
90
283
170
513
479
364
406
819
303
251
256
545
222
838
283
870
296
289
787
389
554
875
405
146
809
496
255
143
880
417
985
299
125
121
53
171
923
310
421
28
919
663
798
819
790
26
560
702
915
788
571
954
713
658
990
524
969
733
461
60
921
208
564
547
357
289
370
747
101
204
531
945
462
250
175
423
182
115
788
354
98
512
496
285
940
593
196
891
110
797
52
593
824
433
533
484
42
759
987
820
416
451
748
142
191
298
674
445
560
251
70
797
108
912
199
715
677
288
729
76
110
95
816
751
949
495
591
313
970
699
126
385
536
928
436
919
155
273
890
58
614
465
56
552
509
448
177
166
597
69
604
640
719
390
551
935
669
668
164
452
379
600
486
168
589
762
173
818
139
469
769
681
706
964
48
18
838
543
148
415
935
429
507
997
150
629
806
4
280
473
597
967
170
579
841
944
673
43
96
444
847
574
507
903
444
379
816
916
113
882
582
30
650
821
611
921
34
66
496
640
14
60
103
942
675
501
540
443
765
771
407
637
948
754
143
514
971
769
683
257
791
488
165
612
562
626
651
458
582
854
716
412
871
130
32
125
467
831
390
266
111
393
963
219
633
510
313
649
375
143
868
179
135
950
337
772
562
662
288
209
931
386
971
279
382
411
753
692
23
163
445
333
427
231
539
41
283
696
765
43
410
334
677
983
448
583
494
162
48
501
86
977
878
706
161
907
379
23
178
638
778
312
754
557
47
613
744
725
264
87
553
492
376
498
179
809
43
262
214
386
719
587
139
685
93
690
532
410
756
609
556
960
855
544
383
899
253
59
648
911
954
776
536
594
495
7
838
281
382
221
105
424
23
498
653
934
603
368
178
429
118
688
26
566
398
310
469
501
972
85
393
302
356
136
438
162
82
697
174
94
678
225
721
746
310
183
45
182
677
235
808
45
893
766
23
49
643
690
87
444
337
625
995
808
566
666
33
504
786
334
863
185
782
517
341
453
206
956
670
56
552
369
671
830
440
478
904
440
998
795
224
491
521
979
898
354
802
965
635
259
434
139
97
176
107
88
109
823
707
966
292
303
723
517
783
388
914
121
861
718
30
781
369
317
646
339
817
103
855
585
766
624
700
646
120
397
945
376
202
793
135
697
808
533
981
846
820
652
270
167
911
300
845
585
197
79
439
813
882
700
510
396
77
331
469
980
21
142
164
497
211
656
139
617
692
74
480
302
310
500
653
43
460
143
499
24
471
228
868
850
921
6
796
322
976
478
257
941
159
571
86
395
923
775
812
510
795
437
52
264
142
57
723
878
869
522
688
262
408
106
898
528
528
429
727
462
193
291
940
211
802
314
924
981
922
736
724
229
878
166
346
928
640
742
439
636
266
776
398
233
579
129
218
165
550
739
796
937
523
755
456
678
331
315
367
999
405
430
433
269
618
283
593
106
484
865
497
280
536
109
447
977
797
887
311
288
325
147
293
713
273
348
925
905
768
638
444
326
74
538
907
505
949
184
947
400
157
827
113
388
430
506
761
194
535
428
972
247
13
253
576
263
574
678
896
342
511
876
348
785
273
815
239
319
679
256
91
547
523
19
372
739
582
397
986
93
281
583
850
991
499
372
16
544
927
808
312
152
106
352
490
891
365
230
916
279
585
62
193
15
656
588
475
624
306
965
577
422
323
442
862
960
504
894
456
586
264
761
223
48
953
82
885
134
173
920
564
210
116
497
688
6
827
167
106
16
96
456
10
99
666
735
21
456
501
155
55
470
51
624
372
786
333
120
203
282
776
245
413
240
99
237
730
851
520
694
211
76
959
888
215
160
470
563
934
729
517
485
272
407
941
844
445
271
876
190
203
567
194
16
256
71
852
595
559
916
976
128
551
288
344
537
769
731
713
812
407
973
934
681
491
312
742
534
473
118
519
887
449
24
758
374
509
405
157
859
290
378
506
559
973
521
4
651
993
892
624
920
23
358
110
90
220
630
490
996
942
80
801
86
678
570
115
62
894
177
829
383
393
132
165
382
251
660
774
24
90
405
825
553
119
324
636
78
275
141
619
911
200
203
263
657
401
73
911
852
498
946
194
138
37
775
783
317
288
156
266
408
7
899
49
870
546
737
359
718
307
953
679
564
524
565
199
872
776
303
529
991
246
292
959
702
114
264
540
97
230
270
314
241
669
246
505
764
427
862
705
632
966
934
392
305
76
876
351
471
821
538
648
769
888
225
930
819
54
118
615
107
201
583
288
776
916
68
407
556
698
464
452
577
27
425
742
929
912
949
890
205
383
931
587
367
244
474
868
921
708
166
283
892
385
486
21
217
673
118
413
678
17
228
506
917
387
567
673
711
180
135
495
507
863
84
765
99
724
26
613
775
720
447
603
200
50
740
233
608
594
287
874
169
278
377
272
560
973
700
942
284
681
725
379
274
787
540
469
990
927
691
616
352
436
500
19
473
817
701
622
749
582
867
892
472
941
635
590
396
711
441
287
599
254
706
892
631
94
794
767
106
841
612
751
48
975
171
153
451
316
85
692
19
346
645
478
399
448
700
734
634
418
42
960
406
729
866
450
182
445
976
525
260
695
868
937
578
626
674
173
931
190
26
586
664
712
739
196
119
934
630
304
610
686
846
372
603
745
157
75
608
795
378
26
455
647
770
811
517
136
854
963
99
603
170
683
376
897
637
643
447
931
213
430
545
781
98
932
52
210
700
919
324
540
33
32
137
154
160
771
913
62
546
840
424
879
960
674
743
245
858
800
218
117
971
690
593
976
5
307
456
921
850
531
145
251
686
469
553
374
429
57
395
490
47
946
91
174
184
582
164
19
210
522
232
616
606
713
817
623
289
360
16
425
495
206
366
872
74
927
740
497
24
392
94
616
462
624
422
826
662
460
53
424
840
658
877
197
471
261
787
514
491
951
59
746
595
828
413
451
942
377
486
992
664
687
133
113
80
51
936
177
957
307
779
751
56
188
817
709
349
908
881
426
996
159
642
529
326
6
807
773
495
169
146
932
655
506
779
238
613
177
161
143
47
397
583
23
794
931
483
769
187
699
127
443
181
904
61
85
889
613
358
795
700
172
501
790
794
590
925
598
131
548
87
130
372
678
8
663
540
235
638
733
802
642
725
323
576
806
716
380
500
199
333
352
302
91
83
1
172
722
640
36
239
173
69
653
587
742
878
224
915
309
663
512
841
678
880
339
535
774
271
105
270
196
189
319
120
248
389
860
236
955
25
659
884
682
938
983
978
371
977
505
263
555
729
265
895
892
210
764
974
263
850
43
895
546
56
178
97
141
932
742
254
176
934
769
351
737
866
840
861
740
262
645
688
121
357
869
482
408
730
788
523
309
430
632
930
131
901
321
5
943
554
899
890
107
516
796
509
389
816
854
166
662
765
34
947
701
895
294
689
622
524
98
972
736
669
781
439
305
54
609
687
323
628
35
684
779
247
224
417
11
823
622
363
173
203
853
782
378
447
244
637
89
746
512
472
346
551
822
712
713
423
838
865
428
625
207
877
70
99
556
74
915
109
492
121
64
248
396
631
331
992
613
12
579
737
754
235
331
84
221
498
735
638
772
330
859
271
597
222
657
333
588
756
926
473
135
574
81
96
613
385
378
8
755
392
85
990
473
551
283
994
483
515
454
586
507
113
861
240
645
859
627
495
198
173
884
368
841
282
579
515
242
237
666
902
926
708
583
765
662
251
294
355
359
900
160
611
26
276
62
892
253
63
522
980
494
412
824
458
669
748
758
468
347
743
156
924
326
590
110
565
670
641
854
603
319
482
683
40
323
684
336
43
237
443
140
953
461
316
177
291
254
436
221
552
923
914
141
8
310
898
404
631
502
614
795
958
613
829
668
350
149
722
297
344
904
727
715
859
642
208
973
493
911
295
199
900
937
485
712
756
677
916
557
574
845
817
621
522
424
618
685
956
128
186
757
914
485
231
130
589
661
37
26
996
549
172
33
777
503
501
289
930
442
759
188
42
578
158
934
638
157
334
88
734
970
729
279
729
660
279
809
464
753
448
691
144
4
45
81
751
666
465
577
310
981
398
876
81
63
526
248
744
155
760
926
276
819
510
893
790
182
127
484
973
164
539
952
685
124
40
507
814
15
263
741
650
91
112
521
492
509
987
53
762
673
687
476
611
666
776
103
751
627
493
673
495
298
979
534
333
109
912
721
488
358
470
989
472
204
121
952
934
694
807
23
645
134
477
562
399
694
248
951
50
436
863
100
580
899
581
525
61
445
182
409
733
804
164
276
224
880
317
104
714
54
314
984
428
437
96
447
115
369
778
612
957
918
355
7
716
743
143
935
184
19
499
200
369
621
624
320
498
116
419
13
159
243
592
452
349
6
773
273
492
686
914
735
876
612
5
175
574
117
449
59
47
534
417
954
823
756
20
835
275
479
617
571
555
382
427
305
423
840
570
157
507
404
466
88
411
550
319
245
543
519
73
791
873
538
631
369
161
808
818
744
294
816
542
795
979
472
66
54
679
897
540
986
417
455
557
704
42
873
231
237
753
2
149
289
615
387
937
904
892
701
393
73
117
681
479
241
264
99
97
969
952
942
231
148
152
365
714
186
437
784
27
28
585
774
932
107
357
267
424
697
167
145
186
366
308
623
286
535
150
21
15
952
847
602
103
349
945
810
463
173
541
566
333
950
187
697
154
962
220
764
873
70
618
631
636
397
553
404
386
311
13
202
596
851
68
169
793
517
683
610
680
330
912
337
766
341
619
316
855
336
291
379
352
16
497
459
168
315
480
249
528
218
120
612
671
2
232
795
468
906
637
90
426
484
649
758
740
960
744
666
970
907
543
726
812
409
28
892
430
47
664
622
92
997
745
99
427
547
435
539
641
45
430
52
367
15
945
220
897
158
433
816
14
561
785
961
536
36
228
304
432
433
336
138
7
254
42
195
28
542
221
717
53
732
257
376
384
870
648
351
374
457
543
598
493
91
142
859
120
928
360
677
748
834
47
522
299
44
787
221
714
737
213
700
702
195
560
162
844
615
306
410
49
194
754
877
254
31
262
898
278
60
451
879
426
50
855
22
657
197
711
92
538
214
195
587
171
985
801
292
68
817
120
12
419
101
484
870
244
982
243
802
572
214
369
168
203
74
613
28
539
901
811
939
337
22
720
20
316
930
516
203
557
867
821
359
812
448
987
833
810
553
876
1000
171
335
926
149
425
2
818
392
700
486
500
300
665
455
220
944
371
525
623
274
727
636
582
509
456
679
395
595
464
8
697
655
233
823
631
914
550
346
798
560
628
595
183
246
987
490
116
575
606
445
206
484
600
786
451
631
65
385
573
350
684
144
729
667
50
69
128
3
810
632
710
748
671
36
422
357
371
809
334
193
274
732
322
785
815
382
908
970
573
577
832
173
963
98
827
732
921
19
678
643
940
126
642
170
783
704
162
754
874
222
699
574
795
722
734
186
594
780
108
9
145
691
512
598
584
950
535
33
212
921
818
411
661
160
61
670
871
245
404
335
680
984
431
795
491
636
963
412
957
654
924
756
367
142
735
130
992
204
327
491
433
132
97
509
833
322
62
259
791
907
32
629
606
594
134
674
51
474
556
870
916
247
521
802
108
714
519
357
147
803
442
874
639
149
355
157
591
949
818
535
481
671
252
74
191
354
505
552
232
942
745
566
346
629
995
615
114
612
271
470
115
423
180
72
114
51
125
112
86
243
729
389
821
950
10
290
335
414
715
375
963
276
565
339
441
755
994
452
247
982
881
879
345
435
723
153
887
347
170
162
416
346
623
497
617
972
311
129
97
151
121
159
304
483
726
770
384
807
771
534
520
992
563
787
90
557
250
97
4
344
961
363
24
747
710
873
936
374
171
411
590
360
680
710
498
486
157
716
574
848
881
236
103
480
845
357
900
417
484
577
504
255
458
517
431
982
513
932
416
327
278
575
314
39
416
740
233
197
578
577
394
292
119
102
335
905
336
426
551
785
95
977
680
489
540
379
528
59
118
323
200
458
246
913
500
815
930
385
76
835
891
19
113
287
391
561
516
837
726
683
484
74
918
799
961
732
118
896
382
482
708
991
194
275
905
183
826
961
286
512
25
693
878
920
132
39
897
153
551
483
903
21
895
896
165
861
608
922
716
9
336
444
977
525
276
550
796
459
690
400
51
811
278
843
945
734
966
724
247
171
745
509
370
514
939
736
527
45
763
469
412
890
243
896
263
800
853
374
1000
830
757
779
140
441
635
451
791
260
848
563
739
93
977
374
728
202
494
67
913
263
62
808
92
336
41
16
447
928
143
646
942
134
441
288
759
502
748
79
157
742
293
192
977
714
489
245
375
317
786
470
403
8
632
719
383
102
880
188
658
499
766
669
837
432
845
725
423
231
493
842
229
897
784
102
44
77
450
75
817
603
526
783
465
918
476
669
431
982
205
102
790
26
428
462
61
777
990
689
900
522
805
159
777
926
842
943
359
503
374
865
672
441
433
42
439
485
665
873
929
59
985
627
852
977
382
959
834
442
392
519
305
563
662
543
384
161
982
526
149
627
991
895
41
572
345
787
867
553
641
386
556
401
416
281
970
674
781
305
144
759
752
794
102
599
353
401
669
699
284
258
990
644
728
495
557
375
173
904
842
874
349
605
67
199
400
610
132
897
547
47
155
256
424
436
81
995
620
140
938
60
392
269
415
334
233
226
541
698
355
564
486
713
767
488
479
822
380
417
526
456
931
386
867
751
419
731
912
861
525
751
676
825
43
599
272
244
956
590
602
99
147
101
307
724
311
658
213
142
2
202
105
532
154
588
537
289
480
64
909
358
263
707
576
704
440
678
36
186
859
181
39
896
639
920
316
46
564
366
422
443
249
506
348
80
152
742
111
991
110
16
146
375
248
367
133
561
86
336
959
671
320
245
57
274
972
490
421
504
950
461
37
198
737
3
581
399
24
757
214
113
789
359
934
759
885
334
151
674
768
600
337
930
658
292
87
204
40
11
26
639
707
647
8
154
310
154
496
744
862
156
931
404
345
960
263
267
515
599
593
411
659
914
51
18
285
698
379
105
676
791
101
922
38
529
909
945
902
750
615
142
976
781
667
975
65
765
150
13
366
634
652
865
514
652
909
52
817
548
268
59
344
287
360
303
646
265
739
161
743
360
390
529
412
795
124
943
880
767
223
67
8
455
198
408
39
146
617
668
778
296
907
87
472
866
98
979
296
942
286
858
313
517
160
733
264
240
786
54
430
278
556
817
800
553
310
919
454
978
875
685
438
962
406
471
181
982
223
784
727
211
215
534
326
774
383
563
63
819
258
963
902
16
340
107
650
197
212
600
54
750
530
174
190
484
851
527
320
495
145
810
258
637
335
653
69
979
219
184
687
671
555
60
492
663
857
927
6
996
289
266
580
701
687
273
89
325
150
416
801
321
527
833
729
126
328
59
274
882
181
562
912
380
309
307
6
867
825
310
931
930
125
798
453
80
467
640
814
756
916
962
145
396
294
761
4
127
239
678
980
42
365
253
934
67
159
354
807
686
613
815
88
32
217
865
744
495
416
714
905
459
386
434
949
665
520
852
890
776
271
695
322
770
270
680
207
761
949
65
668
565
523
409
521
264
501
907
457
775
870
10
10
588
897
580
102
586
567
371
727
284
893
102
984
440
111
275
207
326
337
515
771
709
61
54
329
948
15
334
522
947
187
644
847
182
508
250
953
84
186
47
752
138
926
600
819
72
888
370
386
63
694
23
202
265
9
568
612
687
770
344
447
418
346
654
564
883
494
783
525
836
60
719
174
433
213
622
774
693
280
268
486
984
563
790
832
851
986
889
668
855
370
226
826
48
727
818
227
493
459
971
500
858
902
512
229
441
251
657
394
472
562
62
346
561
914
366
224
43
536
198
21
232
717
660
277
382
992
947
273
849
188
470
167
507
398
596
746
112
701
242
880
209
792
575
875
600
380
974
125
326
157
601
235
794
794
275
715
847
440
735
726
368
299
271
362
627
46
744
466
586
632
552
98
924
975
939
961
739
128
670
416
446
438
554
339
413
23
278
387
105
66
707
738
488
495
480
575
961
502
745
929
174
204
376
646
318
246
661
55
92
445
89
104
905
158
476
994
643
325
373
556
456
40
172
447
437
163
248
