658
904
280
66
367
869
346
321
577
984
31
93
380
253
83
283
383
731
608
862
543
881
540
25
376
956
751
918
444
246
371
960
712
622
742
598
248
368
593
718
603
306
245
595
487
513
77
202
194
610
882
614
970
64
860
900
486
603
363
250
792
391
491
393
776
64
371
931
981
320
473
949
930
138
440
223
163
802
370
420
431
540
867
98
424
386
274
339
586
209
626
845
368
948
345
698
702
582
732
12
418
559
743
850
104
668
401
203
473
955
310
137
896
89
55
249
987
624
600
213
930
739
508
815
382
160
20
704
256
547
879
551
986
572
815
795
852
40
783
161
116
654
706
568
597
138
991
833
73
205
684
307
332
1000
183
646
667
21
83
490
427
579
986
359
529
499
607
426
508
427
59
775
625
315
26
961
799
153
180
500
387
729
811
434
470
579
354
244
154
393
632
806
265
414
741
853
836
473
822
579
799
413
1000
830
271
350
659
965
950
819
940
697
16
189
21
500
726
54
416
90
66
438
738
979
81
83
700
674
456
716
755
782
350
21
278
643
397
74
305
677
231
972
85
358
187
11
158
219
916
594
247
640
739
865
28
849
526
178
25
672
620
247
784
461
921
429
11
476
695
926
687
581
558
881
25
801
494
577
792
926
903
870
283
508
269
232
140
513
414
678
978
87
413
564
342
874
789
679
589
317
334
925
462
789
453
153
232
159
860
271
771
618
766
550
28
713
417
817
902
358
413
544
849
552
72
392
377
306
544
354
49
820
480
307
307
907
73
448
241
203
62
596
129
429
964
556
647
193
306
713
572
739
575
259
148
655
327
621
317
166
705
64
677
520
739
385
817
386
880
982
883
981
757
466
77
545
698
273
747
552
692
363
51
214
898
895
428
451
557
869
834
171
491
302
915
1000
39
484
225
166
913
647
878
427
849
596
238
735
207
200
893
839
926
637
713
919
777
834
713
662
913
817
894
929
392
625
571
709
730
474
468
81
803
749
656
559
382
891
620
83
350
199
43
74
311
874
580
785
262
348
791
369
564
128
319
977
102
231
938
210
273
775
994
505
109
684
56
518
698
350
733
237
184
279
159
416
76
784
780
819
366
426
926
25
407
642
217
880
148
473
811
816
469
22
566
58
957
212
680
316
503
37
542
775
691
906
533
652
108
890
58
267
929
152
313
728
122
635
898
210
597
375
359
785
577
926
617
491
857
721
117
416
523
279
428
78
668
872
282
188
188
895
897
830
391
363
600
716
84
878
235
256
38
653
117
823
688
413
456
20
902
255
867
976
737
199
98
879
636
72
417
328
347
773
218
457
422
328
393
504
571
148
406
953
280
477
948
222
528
957
37
160
461
513
764
951
681
897
847
827
35
342
446
230
120
192
938
555
767
965
68
218
373
472
195
206
66
33
444
697
774
171
409
72
196
621
535
181
311
916
460
910
397
56
885
386
682
268
673
500
979
925
90
100
731
722
841
150
239
124
600
499
485
217
548
447
119
625
816
117
995
535
871
452
842
555
684
445
327
588
856
214
51
672
37
731
295
526
74
287
345
394
579
206
340
132
447
517
14
76
577
716
284
307
870
129
134
706
62
938
23
710
228
827
769
831
834
540
642
14
444
475
807
842
877
499
297
900
717
871
397
214
948
576
370
977
107
734
737
543
223
83
30
543
535
99
352
680
607
682
123
434
728
413
810
297
559
906
87
214
151
940
409
174
970
429
658
87
250
719
155
395
227
914
159
820
463
537
18
357
916
786
336
900
54
917
28
322
746
499
758
461
172
403
538
960
951
18
574
896
423
716
777
707
639
148
550
391
60
984
218
551
442
886
159
279
990
351
393
340
106
494
54
568
908
423
616
863
382
780
361
680
563
452
666
676
391
673
246
802
338
149
455
567
134
959
353
997
157
817
40
138
241
852
104
471
506
850
778
918
419
586
92
923
379
92
138
274
273
47
340
797
871
243
362
215
575
540
340
452
926
895
628
700
467
932
108
356
350
850
361
102
493
389
536
427
824
517
763
495
499
681
111
525
310
276
905
110
35
464
985
971
453
752
266
800
999
945
458
575
958
547
448
794
359
696
276
629
428
948
191
408
271
879
971
767
405
251
611
775
235
737
351
525
230
637
365
871
211
920
34
567
367
842
289
933
474
413
155
398
766
825
229
857
31
333
490
877
275
199
568
345
491
173
557
337
137
363
529
787
796
53
506
934
414
792
567
236
873
783
163
512
388
434
703
711
240
162
146
228
896
896
764
504
126
293
957
473
208
874
893
747
391
308
643
942
946
543
812
931
790
240
896
497
287
470
874
373
954
596
488
528
650
264
763
617
630
488
922
841
845
597
131
394
413
572
782
794
890
164
779
960
908
467
700
598
664
717
107
448
888
158
368
464
894
665
327
105
197
241
767
866
854
65
112
860
802
249
365
550
679
871
647
555
633
200
510
596
789
118
949
26
115
630
863
700
879
612
65
253
691
171
785
153
989
628
674
335
416
552
639
740
141
38
268
382
711
785
645
658
344
827
596
334
335
629
875
243
193
131
864
165
90
292
639
281
465
635
140
127
386
527
988
353
319
730
714
239
501
110
813
353
425
865
626
582
540
973
215
522
838
413
360
195
202
899
989
928
343
342
127
229
263
778
747
300
370
514
240
122
131
295
364
260
184
177
219
47
126
839
573
219
68
222
734
774
37
846
521
98
496
428
122
851
489
685
201
427
627
396
225
326
749
80
536
784
873
808
224
352
563
888
997
934
40
136
583
585
548
620
428
938
286
929
399
966
975
247
922
343
882
895
727
954
384
538
663
435
715
529
71
243
190
712
489
228
595
620
696
471
137
646
303
192
741
415
373
920
698
598
270
85
655
205
57
75
555
292
113
97
756
139
110
377
189
924
212
594
200
740
189
933
840
443
86
934
264
923
229
98
260
706
409
193
659
454
499
380
206
35
622
982
221
174
603
291
461
778
595
706
386
649
224
826
646
93
247
134
531
10
1000
752
990
143
483
674
273
740
454
560
610
694
476
152
283
142
782
67
494
893
113
44
394
811
634
704
852
356
741
354
181
80
385
44
673
844
926
714
693
345
717
279
268
357
143
53
39
923
727
537
284
68
813
713
731
254
29
537
824
125
509
963
715
930
844
464
46
215
651
979
251
378
686
535
11
170
648
361
114
886
99
986
927
761
733
922
589
349
469
824
644
773
136
886
746
900
407
519
101
17
435
594
537
169
546
720
914
762
965
671
334
675
933
210
253
418
387
216
833
171
119
724
748
263
818
506
534
544
516
719
10
410
229
747
605
654
21
974
756
813
119
872
897
610
703
613
609
387
330
167
779
872
326
276
430
289
862
312
518
59
959
869
209
457
96
302
492
720
123
262
846
454
892
305
18
738
185
83
502
871
445
777
930
620
569
479
866
974
461
204
995
255
575
989
450
549
694
475
144
550
80
256
977
707
698
53
667
958
45
866
111
612
896
91
976
465
474
190
184
874
652
612
282
647
146
671
633
493
211
805
912
485
484
253
668
133
516
896
307
767
518
998
703
628
448
16
354
510
564
54
739
275
667
810
405
867
822
35
355
149
647
906
912
887
900
902
718
640
610
373
149
364
543
621
536
434
236
665
534
517
542
685
475
699
58
610
901
364
477
234
39
954
211
98
537
449
287
232
135
307
146
962
808
295
35
234
186
30
914
97
687
885
220
642
46
930
268
904
22
770
608
797
968
649
936
897
482
906
396
939
40
538
416
595
985
813
244
956
500
185
359
911
255
624
351
876
737
323
441
591
778
770
928
523
116
937
265
606
988
704
677
134
158
691
342
654
414
494
296
655
384
842
643
242
781
651
451
505
663
607
69
751
965
315
605
188
919
436
336
12
687
477
618
180
197
866
475
951
68
576
484
169
442
210
539
555
615
19
953
618
842
692
664
995
848
686
112
48
212
830
474
599
814
108
513
710
862
238
187
861
946
961
249
778
532
634
835
841
480
176
833
293
687
477
1000
892
33
785
303
948
96
555
317
771
730
790
190
309
735
846
365
228
932
636
711
217
877
305
773
807
388
218
906
854
171
572
179
755
951
161
473
388
518
888
649
482
217
80
497
562
316
375
395
497
67
720
50
764
317
295
937
629
319
602
726
568
885
714
93
136
251
336
131
722
824
411
116
637
173
243
80
766
470
400
913
962
804
147
401
700
841
320
712
71
47
362
438
443
202
316
91
761
272
553
668
907
633
320
640
769
230
553
928
96
686
274
844
672
331
219
85
191
88
563
344
371
944
643
640
356
642
917
255
694
434
367
613
892
991
221
870
331
458
453
932
141
817
934
851
930
532
949
911
957
696
711
751
835
799
132
362
281
361
503
830
351
714
597
578
263
111
886
189
413
642
746
525
926
941
480
862
820
587
12
930
960
411
537
737
152
537
47
156
427
808
412
644
378
203
661
847
167
405
591
778
983
952
314
477
481
162
307
546
358
322
208
430
283
291
986
299
379
371
174
603
144
159
664
736
568
910
493
716
104
676
999
422
350
303
831
571
932
308
400
534
597
661
727
995
232
139
864
744
134
186
918
251
560
81
405
862
991
804
693
366
660
74
441
255
545
835
752
758
675
486
949
343
393
761
563
940
13
952
810
349
564
883
31
892
187
491
795
580
779
553
932
440
963
276
211
611
79
640
77
138
535
105
717
756
461
763
854
400
743
762
535
532
766
720
713
942
910
870
524
238
486
401
768
384
72
297
949
475
474
349
701
707
430
130
717
441
521
497
199
630
57
927
677
558
164
573
167
45
60
962
549
592
227
884
820
232
262
257
900
983
317
71
391
603
476
69
457
832
569
104
154
321
322
679
851
422
423
390
584
90
599
769
265
945
268
525
940
467
603
272
676
855
853
313
845
70
913
951
653
152
233
123
228
352
940
527
606
361
670
845
919
685
512
570
379
235
560
666
419
168
630
802
690
458
304
689
794
236
14
181
609
201
404
626
884
580
769
824
414
432
67
227
214
206
365
326
329
487
905
378
376
691
575
144
841
864
816
40
236
427
256
59
410
120
165
699
105
622
924
578
918
551
280
21
52
499
559
900
34
936
947
210
424
852
309
279
214
863
119
539
628
224
423
672
825
258
509
288
376
314
784
449
302
352
883
43
768
697
278
298
78
393
215
454
951
257
485
954
368
871
536
750
15
400
403
329
874
563
145
436
601
654
38
314
305
884
456
513
264
347
438
74
721
279
971
413
911
700
401
246
865
977
800
480
179
704
831
612
458
827
950
319
284
943
293
847
248
179
552
383
766
680
84
489
630
475
784
297
782
102
337
873
105
160
245
957
78
126
689
660
242
371
809
915
815
331
985
874
741
231
163
61
920
312
579
294
384
461
916
799
775
770
835
843
33
97
907
695
386
594
496
448
698
484
231
888
770
859
453
70
957
806
962
290
494
607
70
979
834
210
90
222
618
986
801
377
996
386
749
712
973
193
896
421
202
563
31
135
159
411
250
642
669
162
868
310
473
594
315
605
581
920
246
731
982
181
348
706
293
733
583
976
607
312
76
130
902
573
555
833
697
962
341
820
576
439
151
627
965
760
296
141
949
995
489
507
661
676
660
444
361
485
282
881
958
63
442
913
741
897
683
907
476
29
864
192
201
488
362
746
10
577
106
182
203
336
748
628
894
858
522
172
626
157
272
543
900
656
510
345
451
245
852
40
807
585
819
107
72
888
950
901
153
603
996
879
447
871
409
123
952
385
577
722
182
143
712
530
122
826
808
117
450
972
589
240
341
841
837
510
374
799
433
491
674
517
598
604
639
870
909
304
132
775
658
509
574
765
208
960
936
664
895
815
190
360
968
862
979
394
193
75
612
430
815
654
946
570
782
164
211
486
70
940
175
369
397
685
890
915
93
574
190
159
995
179
800
616
199
633
320
51
594
481
450
350
863
842
283
485
630
600
493
394
471
797
684
449
949
642
177
634
251
22
45
437
189
728
137
481
282
892
754
624
533
348
865
860
265
102
441
433
63
704
910
14
809
560
348
540
220
800
54
148
91
459
41
126
872
569
388
765
549
84
514
983
353
147
592
354
448
764
170
394
659
698
572
153
539
626
146
652
737
188
228
602
947
242
798
448
640
539
302
706
886
95
12
68
359
876
438
808
992
592
848
832
449
996
94
800
476
180
456
427
93
526
629
581
633
158
617
366
698
318
602
241
571
692
671
380
877
763
328
140
131
740
821
628
68
986
631
603
298
699
359
140
315
752
586
148
821
75
945
347
330
311
923
383
787
625
681
381
790
119
722
713
565
938
13
862
887
699
947
687
680
23
770
994
369
658
32
630
322
634
768
163
16
427
680
364
980
679
744
491
565
406
651
461
975
385
359
161
579
796
830
220
40
658
587
577
341
486
475
507
431
121
112
986
176
381
651
542
153
626
781
670
14
18
290
571
601
965
76
227
749
616
601
759
743
959
289
866
597
329
489
886
149
321
142
753
400
36
878
227
993
938
603
341
388
637
874
249
44
207
653
773
370
876
643
682
516
905
215
858
351
480
106
33
534
283
752
281
842
733
160
200
639
847
641
784
233
526
282
186
358
235
991
881
702
789
703
923
173
616
824
118
903
21
515
535
983
306
941
676
600
440
330
80
780
31
272
824
530
228
706
644
254
483
547
591
142
223
202
867
152
189
644
766
769
187
841
86
582
554
145
72
914
181
166
198
511
430
160
795
87
813
817
682
127
91
125
682
299
883
557
577
932
949
743
479
24
439
662
690
853
626
799
234
535
760
168
49
17
529
595
187
44
533
384
693
647
971
978
515
571
329
725
331
314
537
771
158
56
937
586
419
585
363
235
944
936
581
869
132
65
417
587
427
91
515
744
975
245
764
409
131
303
336
521
356
585
835
284
131
981
775
176
894
81
357
197
402
189
761
930
124
236
852
278
335
500
827
936
710
10
394
588
244
533
438
110
413
400
789
956
949
783
760
16
214
60
130
430
217
721
557
266
593
137
722
559
767
256
516
789
308
325
735
761
816
194
86
843
180
860
114
89
895
139
75
701
304
221
197
878
682
392
337
616
444
940
966
494
749
317
648
861
298
995
537
21
760
211
230
441
315
376
436
650
982
298
660
197
132
979
865
353
944
140
839
511
82
285
159
390
290
31
974
578
839
372
824
860
474
850
735
384
706
550
954
824
275
267
231
284
181
412
128
50
806
690
252
628
525
204
833
61
300
773
252
820
505
750
612
494
480
366
392
621
640
428
290
533
208
544
769
469
704
696
785
347
215
761
669
774
564
265
239
785
56
460
161
700
466
665
1000
988
594
937
133
89
827
921
230
188
932
668
770
583
842
256
78
807
256
605
966
902
640
247
212
112
174
313
478
67
330
531
50
398
143
483
535
886
248
756
840
525
578
328
92
617
612
844
562
258
720
691
497
257
580
913
417
583
420
795
983
578
260
82
604
56
92
41
363
292
852
242
377
652
586
633
246
919
442
275
689
686
295
61
932
491
716
529
394
557
891
782
949
927
102
303
207
334
646
843
782
295
758
750
11
280
990
413
846
214
630
366
601
224
668
846
540
926
819
941
341
64
160
240
184
886
607
982
205
590
789
869
944
826
756
639
751
293
237
433
883
417
875
411
560
448
658
505
273
894
396
769
497
190
146
665
411
271
612
154
551
227
378
619
557
119
309
225
938
706
488
702
544
603
777
325
576
950
713
851
864
195
569
597
405
230
382
104
96
571
308
459
963
758
802
348
226
703
528
650
271
680
325
948
868
381
590
266
882
692
422
684
461
217
851
322
200
170
780
530
19
319
318
205
146
717
449
489
497
978
625
741
638
27
511
569
267
75
824
339
185
408
931
220
821
648
11
73
180
647
127
453
325
722
20
25
109
130
289
924
321
867
598
175
820
256
77
219
11
335
681
27
374
225
783
121
997
646
227
955
783
727
167
986
53
41
752
38
376
464
740
301
760
800
973
855
288
778
743
381
512
327
645
160
166
772
567
101
313
418
211
96
77
615
187
458
738
648
184
105
349
730
705
20
595
177
418
84
712
522
892
672
794
774
196
211
105
27
815
409
963
831
783
163
681
923
36
954
591
662
915
697
815
796
79
224
606
778
617
149
593
538
376
948
307
392
151
607
921
277
481
14
294
778
133
270
56
171
430
996
392
523
670
496
446
15
538
990
445
26
842
302
320
972
848
840
225
479
672
589
103
787
964
842
977
733
697
686
797
570
885
366
955
705
542
637
411
741
22
992
762
698
63
359
781
675
476
766
748
282
869
380
156
482
495
32
876
847
326
685
433
556
124
263
171
75
831
296
664
287
233
767
517
704
909
777
350
724
992
587
484
380
978
955
615
808
112
92
821
758
321
34
459
754
923
410
776
877
670
921
270
393
93
909
965
39
133
215
713
971
796
607
37
325
805
951
147
337
230
895
571
440
113
931
610
137
991
1000
594
37
420
946
171
89
255
156
405
844
944
775
947
661
197
107
358
845
254
293
410
917
717
239
438
198
946
168
440
385
448
318
761
653
602
821
787
731
106
794
840
227
110
993
954
912
279
134
53
709
338
214
515
804
851
921
606
868
351
138
211
247
317
165
249
376
354
326
212
923
992
590
327
48
654
795
774
208
372
392
203
348
706
204
296
587
500
896
130
319
856
460
851
767
807
749
574
517
669
591
540
492
213
480
969
422
101
471
184
56
217
68
606
148
565
851
196
852
436
738
219
892
208
569
733
547
974
806
958
92
816
668
632
392
899
956
113
603
87
108
324
410
438
952
55
108
502
923
527
712
872
517
766
465
1000
187
993
473
77
18
380
775
191
444
874
710
346
810
334
847
965
284
92
938
201
218
271
25
807
570
164
443
472
594
999
177
457
270
478
61
197
511
312
450
643
102
34
136
931
921
26
420
35
744
928
585
435
686
962
509
536
130
811
824
533
180
196
640
343
679
75
642
765
465
144
718
613
884
840
115
193
504
766
552
442
47
746
796
883
66
946
794
309
105
850
433
984
252
267
953
500
931
313
251
83
82
404
618
646
234
446
156
897
55
398
961
650
922
482
29
545
14
798
495
845
761
222
868
675
208
121
288
366
636
292
879
998
687
773
230
298
620
440
605
65
51
336
525
625
994
454
355
386
633
589
491
95
807
970
733
187
172
801
820
934
100
312
558
227
966
333
687
55
860
643
909
990
202
527
300
475
620
331
645
821
609
662
129
547
355
900
160
743
486
832
81
688
262
78
283
632
524
135
908
563
732
669
245
266
374
548
251
270
608
574
126
401
445
399
798
199
71
741
490
23
727
59
461
982
942
738
118
734
46
261
671
639
244
576
416
804
347
219
555
863
489
60
668
406
234
469
564
861
761
640
368
70
755
898
779
954
148
413
454
663
553
200
997
859
781
809
745
68
928
362
664
383
159
399
722
322
78
485
90
261
461
319
343
978
508
467
659
638
255
221
333
223
128
925
943
846
832
540
296
827
877
492
940
618
551
105
549
133
862
221
935
571
469
85
511
995
407
566
981
275
562
715
282
264
321
834
17
793
303
343
961
353
701
169
665
360
682
399
940
393
41
375
279
859
882
801
281
445
834
137
893
362
882
841
721
560
119
532
113
262
603
311
226
696
512
53
890
576
626
984
85
297
134
176
253
194
369
737
579
965
366
178
763
545
480
309
928
395
29
370
978
533
708
747
694
89
81
993
578
168
904
276
790
558
620
675
587
249
727
155
831
515
923
117
662
562
174
633
936
556
530
698
765
792
273
111
593
423
496
161
511
608
15
533
750
899
402
265
716
20
191
426
951
330
49
461
384
753
464
286
849
655
52
423
760
144
473
468
590
940
262
394
260
522
110
968
693
791
664
412
189
631
475
223
67
147
881
145
683
241
50
370
534
152
90
412
655
364
319
231
623
777
238
593
657
979
712
365
349
836
814
630
255
544
442
153
802
182
948
269
438
785
168
678
313
776
57
846
818
392
980
983
483
289
353
76
142
175
884
49
332
761
607
490
357
893
790
171
292
973
268
834
328
847
657
841
463
781
230
742
597
344
258
334
90
569
262
429
395
194
574
384
970
925
78
786
585
632
673
39
825
50
171
566
347
105
54
639
882
595
550
558
333
939
942
709
216
744
57
542
532
522
309
879
161
708
643
161
650
719
885
919
80
405
353
249
813
531
919
77
558
928
553
460
169
195
992
568
767
262
747
943
355
606
944
354
39
856
907
320
822
446
980
429
759
673
855
582
501
618
925
218
342
255
34
616
732
685
600
989
157
637
145
558
369
405
714
835
577
576
599
259
19
266
143
770
478
174
780
138
467
585
165
942
416
118
390
14
49
359
618
372
731
237
651
469
847
755
507
689
945
67
36
833
265
295
545
249
264
832
174
94
67
200
657
175
772
403
359
486
626
790
282
604
49
317
180
556
737
45
879
144
335
196
579
414
714
147
92
699
812
37
778
397
685
902
302
870
973
743
507
82
351
504
696
313
984
434
858
995
335
252
797
306
836
105
134
601
269
477
64
951
437
321
155
258
453
598
285
501
429
974
464
685
541
245
254
790
989
803
97
160
568
243
946
604
998
317
871
292
352
763
643
90
175
141
883
55
863
363
927
440
863
234
444
712
142
330
993
541
850
109
221
850
706
519
13
228
456
968
326
736
28
383
12
648
86
255
970
73
683
200
769
260
789
718
803
162
838
593
65
719
415
94
100
594
213
752
681
781
99
231
611
840
219
408
50
545
630
282
184
18
126
831
272
217
169
700
630
881
174
985
25
910
632
733
940
318
236
553
248
725
96
244
207
550
600
776
688
696
894
402
904
799
490
804
817
683
285
247
403
627
944
232
629
19
429
804
513
718
564
809
934
42
194
717
917
656
568
315
624
199
395
424
561
379
957
499
85
16
425
193
75
884
550
850
358
792
145
690
411
25
285
636
759
335
10
76
487
888
454
992
629
812
266
65
910
924
876
219
53
637
912
720
312
597
649
960
951
267
215
234
41
312
759
228
610
922
274
990
845
216
324
919
66
630
59
910
645
777
113
713
564
970
513
572
902
138
39
438
107
669
553
418
749
811
333
863
923
421
201
641
889
935
213
437
466
95
960
914
165
186
419
41
963
23
803
917
898
306
654
335
123
194
806
675
147
667
760
944
84
266
581
411
834
838
965
407
466
888
880
1000
701
269
614
868
363
345
484
281
341
923
311
78
914
839
156
239
892
826
170
493
857
339
310
664
788
110
729
440
979
86
331
774
64
706
811
12
569
274
711
189
946
72
578
39
306
733
287
80
512
972
80
300
78
723
310
759
841
422
375
696
342
884
891
599
376
664
453
108
157
619
622
279
496
348
304
274
460
944
589
31
461
204
423
372
366
398
874
103
203
615
513
704
946
275
28
825
848
355
954
718
449
507
993
492
659
500
524
612
246
278
906
345
626
103
769
473
962
687
764
436
554
135
326
691
765
301
289
680
784
367
689
858
794
901
29
138
960
110
210
437
60
550
466
648
640
151
819
611
585
538
185
104
591
894
499
145
945
87
598
613
755
656
690
511
58
129
787
739
274
827
797
71
206
209
838
302
189
764
638
601
373
511
597
213
447
865
549
644
644
53
982
935
464
607
223
137
514
14
757
845
223
873
988
730
430
195
48
56
388
953
516
550
714
721
37
515
40
751
141
214
716
586
241
531
447
578
379
963
941
312
430
137
385
375
458
132
21
852
107
141
20
169
731
951
35
173
737
554
725
581
331
502
297
628
242
925
940
201
124
564
152
670
476
91
738
407
167
816
172
382
861
220
132
445
737
434
582
736
99
298
281
54
264
297
643
552
201
416
652
202
605
771
963
387
251
850
136
504
872
284
180
581
403
439
149
113
808
669
150
341
899
810
329
112
339
483
794
977
573
202
982
224
206
659
631
637
215
448
722
500
91
173
131
793
833
501
576
341
656
494
281
37
522
625
730
948
495
682
848
343
882
23
790
328
64
734
318
701
247
360
999
662
103
247
531
626
440
673
873
505
452
197
197
915
142
998
981
399
416
637
871
846
659
768
744
179
381
372
239
226
896
49
392
812
602
674
913
461
987
336
649
650
423
227
878
992
224
467
287
956
726
255
262
619
507
644
120
360
397
792
706
188
613
635
432
31
930
531
411
664
543
716
522
22
674
444
172
896
729
962
431
72
107
609
205
600
270
844
45
81
479
439
225
228
168
579
454
167
683
763
79
978
229
196
358
637
926
43
47
118
826
496
644
393
591
388
534
885
891
722
892
221
368
119
986
810
548
896
45
565
227
25
847
260
286
382
575
320
803
773
549
584
105
80
521
620
565
158
871
752
656
499
411
263
609
898
278
540
122
869
540
61
632
19
877
447
591
75
815
240
334
889
642
927
752
579
900
477
129
406
98
202
710
813
709
519
443
873
777
249
956
704
961
658
573
63
668
407
95
189
729
118
52
546
100
313
563
408
289
768
590
171
666
768
472
984
557
665
696
123
989
99
480
266
160
573
250
431
24
532
881
25
563
959
371
604
532
802
788
171
473
566
833
900
542
891
311
581
478
350
805
132
52
635
962
767
560
718
872
140
125
334
517
79
745
294
190
805
932
510
730
663
696
409
418
236
432
393
66
74
967
420
213
242
20
31
887
101
624
514
590
521
570
144
110
515
226
25
866
975
640
717
415
760
910
55
573
763
843
918
983
17
458
37
75
345
322
437
513
193
318
887
549
255
57
764
465
648
287
665
721
206
174
180
555
489
284
305
124
719
935
981
562
842
875
459
548
949
867
220
288
548
42
334
672
856
590
107
590
335
534
504
837
995
140
217
154
249
366
58
280
648
679
464
693
231
281
886
425
926
594
114
268
431
609
513
397
374
746
360
547
191
916
236
992
418
567
211
713
755
346
458
316
970
851
356
778
914
135
56
721
152
452
735
420
694
203
69
150
294
234
590
906
629
541
566
561
809
277
795
97
74
853
648
133
147
475
629
360
10
124
305
49
721
665
89
978
899
879
831
798
968
409
582
74
48
189
175
63
192
633
814
805
684
576
232
945
979
138
724
563
976
888
153
732
916
353
722
476
403
415
271
874
357
555
968
405
314
498
876
104
286
987
762
497
724
335
363
218
995
821
244
289
334
135
106
62
73
904
414
776
812
153
423
437
359
241
423
951
101
240
476
648
620
380
883
944
78
634
387
236
12
161
405
416
315
313
928
791
826
236
929
479
37
525
698
909
542
133
233
808
525
955
634
386
71
721
839
255
735
778
100
473
694
42
234
47
510
446
224
762
66
459
472
204
326
581
972
52
273
791
738
900
650
602
867
107
423
164
481
330
939
866
134
864
715
240
384
41
804
708
512
31
440
307
533
112
843
165
872
465
980
548
799
232
898
160
675
580
41
540
962
370
548
31
160
221
622
386
400
957
77
200
518
928
335
82
518
845
176
983
497
123
45
933
291
768
558
812
42
748
88
99
825
543
752
103
677
213
160
945
71
17
850
845
400
389
517
799
676
71
970
208
239
292
149
983
821
456
470
562
793
964
505
356
263
317
491
548
673
235
579
279
911
989
47
105
998
993
712
407
784
587
30
775
965
542
982
710
379
442
359
857
30
941
876
337
524
231
611
194
180
666
754
29
699
226
831
842
654
293
135
594
644
652
338
351
928
350
785
929
247
790
560
394
773
690
126
333
176
236
970
274
68
767
609
916
116
29
576
369
526
66
289
790
804
573
454
66
661
843
414
345
621
563
413
376
508
239
741
552
186
712
267
772
72
990
329
870
29
113
148
405
927
610
869
988
419
836
37
845
270
405
567
340
593
312
510
301
778
669
898
140
127
941
652
371
702
244
876
627
328
579
518
587
633
626
807
475
571
246
668
971
483
553
600
749
329
33
82
674
726
607
945
32
974
449
978
385
699
630
725
973
115
58
698
601
635
577
937
754
235
483
477
233
618
726
110
803
144
29
303
210
278
352
947
680
557
992
138
179
758
491
465
714
707
700
360
400
128
438
952
796
144
551
124
356
502
704
376
524
999
607
141
223
478
43
190
949
145
502
918
161
38
888
939
783
526
575
202
599
375
880
362
832
382
67
170
263
476
258
268
694
946
980
71
401
62
574
113
979
659
773
542
794
821
642
851
367
234
945
921
374
28
709
878
229
471
710
351
424
968
337
902
75
162
633
198
672
851
759
336
269
928
259
565
856
278
98
149
194
670
654
292
712
289
760
521
17
609
753
926
675
191
447
889
931
744
509
592
587
421
297
610
492
18
190
971
596
457
832
176
660
797
147
709
426
554
962
211
482
640
579
863
790
808
110
162
782
114
609
182
904
56
285
313
309
160
47
916
999
147
644
182
853
916
213
450
973
417
827
430
612
26
387
76
976
323
639
492
63
702
384
390
939
763
495
832
520
559
613
186
156
753
909
738
721
834
332
578
456
306
27
607
349
637
807
320
186
115
358
781
744
313
221
633
439
160
847
338
605
307
428
450
561
761
83
832
705
474
964
316
245
686
236
837
113
891
752
736
221
119
97
412
366
36
471
731
401
971
645
807
698
639
967
148
582
537
519
269
877
817
477
356
484
125
856
36
436
909
79
450
251
328
648
20
942
231
545
995
780
245
692
158
702
669
786
30
626
540
380
76
670
635
388
503
638
480
125
259
571
302
66
512
254
352
871
255
450
636
231
110
506
783
543
774
436
578
673
301
773
768
645
241
520
567
610
489
230
213
350
744
786
635
602
681
81
964
188
453
805
393
350
720
193
717
46
853
340
302
904
440
402
979
324
137
117
933
320
421
833
431
798
920
27
192
579
877
949
119
394
606
981
627
76
923
53
52
595
719
339
168
61
675
685
567
478
166
688
57
666
630
859
585
177
975
472
798
34
729
832
745
372
826
368
485
675
936
580
215
213
595
98
183
523
819
266
466
638
429
124
232
248
80
596
358
192
400
833
33
834
698
585
432
377
440
21
96
853
650
830
39
688
790
413
502
443
556
515
211
688
942
39
783
388
138
937
285
380
475
940
582
650
172
219
287
482
226
579
428
426
842
260
451
53
567
879
144
882
170
387
316
575
399
587
369
382
676
115
212
202
876
702
413
503
758
717
607
643
340
487
704
386
360
871
626
184
46
352
618
837
237
367
827
433
108
78
40
448
134
571
699
673
495
663
432
43
884
37
702
26
856
61
665
744
683
816
20
222
313
340
841
358
594
21
195
165
207
539
226
11
58
678
818
678
272
385
899
341
979
670
325
520
710
328
118
537
688
44
438
599
87
818
282
695
759
327
784
530
276
972
666
395
555
71
449
951
584
830
649
32
844
330
735
46
298
702
395
797
41
346
663
266
82
295
119
644
836
880
403
492
297
839
161
678
492
223
900
29
150
55
644
323
662
739
506
211
932
332
185
30
20
465
299
910
243
935
282
322
55
943
176
543
340
933
188
322
17
588
967
288
78
666
25
678
169
343
698
149
660
873
667
511
252
342
76
801
131
668
65
850
161
256
37
624
25
11
937
385
680
348
833
754
457
601
862
851
412
369
814
884
611
472
971
720
388
521
798
948
516
865
20
557
312
964
757
428
724
1000
247
110
433
500
614
560
23
763
868
61
910
834
367
593
744
879
907
507
909
418
504
278
514
646
1000
522
862
832
873
770
217
183
518
129
395
214
144
523
946
266
75
693
837
198
135
928
582
529
618
841
374
329
287
714
65
802
756
867
462
191
564
322
156
779
500
402
809
567
308
283
932
919
391
373
264
98
929
323
486
58
879
433
103
168
297
245
317
758
380
955
281
813
158
81
924
284
151
586
491
47
381
524
846
406
918
420
79
682
590
671
415
463
161
848
537
132
52
810
558
791
377
286
444
174
207
659
985
491
40
845
604
570
314
864
903
559
155
220
611
460
504
525
916
979
241
725
554
859
267
638
517
209
141
99
410
98
253
752
858
564
578
854
429
354
338
770
590
783
723
523
834
350
639
746
277
868
62
885
957
135
65
680
923
167
103
21
744
651
194
555
20
785
471
392
461
564
405
429
586
789
113
225
144
831
929
668
984
537
985
289
712
824
382
618
120
948
199
972
105
482
347
430
522
259
69
584
177
805
321
805
79
352
566
925
367
746
784
881
738
644
981
645
646
117
875
89
515
141
69
338
498
75
157
355
84
632
271
969
428
384
284
30
319
359
459
944
15
948
867
179
917
573
422
163
395
620
820
568
645
41
221
611
610
477
160
415
540
262
178
973
581
908
413
661
477
551
200
596
902
337
513
500
340
921
99
151
481
88
435
250
154
86
252
379
729
838
682
525
775
376
282
549
202
899
892
274
234
432
140
569
143
505
142
155
981
827
432
67
400
383
724
965
879
550
133
974
662
899
586
256
166
828
398
385
176
349
369
704
592
504
507
886
991
643
953
428
752
748
788
225
52
731
208
826
246
291
452
351
172
604
354
585
401
675
226
813
585
681
707
593
598
216
680
708
306
543
214
477
48
396
704
772
469
542
556
978
948
81
646
368
786
993
920
541
23
597
308
115
378
688
432
556
78
767
801
285
967
921
545
669
396
326
245
830
924
258
954
498
505
48
726
152
239
289
624
899
746
859
180
240
260
855
633
323
717
403
786
829
129
703
260
166
834
534
54
367
959
989
594
584
213
210
736
802
576
484
935
98
593
320
568
147
118
925
611
699
848
838
578
192
570
143
165
517
737
936
792
532
538
326
782
187
564
77
294
204
33
71
984
713
587
296
315
901
468
241
562
707
612
987
256
925
982
619
207
417
378
765
425
62
629
781
212
276
756
96
773
629
512
604
932
894
277
44
788
882
163
820
459
816
363
344
963
348
447
592
832
650
933
932
887
30
299
752
617
909
474
262
479
486
460
805
311
844
125
881
615
977
72
879
283
118
33
262
372
247
32
789
609
574
599
933
120
614
648
500
148
964
22
975
186
943
343
218
38
383
213
729
35
790
572
770
398
486
164
865
761
293
878
403
150
517
385
136
300
168
234
489
671
136
573
299
1000
521
942
408
549
397
924
662
183
938
146
406
599
381
753
266
93
56
315
990
495
425
81
692
837
599
888
303
422
825
393
709
854
430
543
988
92
433
87
821
571
521
785
912
387
154
659
724
688
822
783
495
677
842
697
492
718
595
119
349
239
844
532
496
825
783
185
452
513
808
597
871
570
717
628
617
329
191
825
595
877
955
520
288
632
515
740
279
781
991
827
407
584
503
626
603
955
339
840
998
906
821
971
51
534
322
712
445
437
754
546
55
192
151
78
60
690
880
610
369
776
872
841
699
291
751
599
428
891
186
826
819
728
76
860
461
272
617
929
436
427
518
540
173
859
143
921
196
253
872
995
204
154
602
748
37
391
468
753
351
205
833
392
547
393
796
788
998
706
369
721
65
244
605
524
155
510
707
770
460
275
610
43
16
905
788
567
378
445
512
856
791
123
676
524
968
927
389
755
776
633
316
595
640
894
807
38
405
990
588
150
384
488
156
380
876
117
16
460
862
45
734
741
668
172
286
91
158
980
503
876
126
332
664
383
651
463
180
944
778
633
944
75
809
192
571
724
921
151
34
289
136
571
239
152
297
244
675
826
606
497
801
908
263
633
744
929
489
305
192
812
450
566
888
534
402
616
549
734
605
841
175
54
253
741
411
297
149
313
218
329
885
634
386
601
844
420
51
279
49
571
646
922
936
158
262
596
354
961
250
537
657
642
473
684
240
633
954
259
749
745
254
814
37
786
24
818
404
680
156
665
424
386
81
543
214
732
268
763
288
179
577
117
241
171
483
369
135
216
535
51
519
194
687
95
968
752
908
69
149
499
270
769
645
966
529
345
398
89
403
369
619
407
718
516
343
318
145
59
850
630
698
299
376
386
301
865
488
91
19
765
730
528
884
440
134
49
44
347
155
858
548
292
952
703
807
888
675
643
340
736
568
834
230
118
691
432
118
434
38
979
967
910
744
148
452
884
246
481
48
135
958
296
627
603
851
848
924
906
113
30
648
410
147
875
488
125
391
898
604
239
559
889
928
191
776
350
139
732
396
50
303
388
838
607
205
675
31
407
247
935
198
385
881
903
887
864
325
430
91
791
626
681
525
237
615
751
256
643
398
108
755
592
73
571
667
53
979
313
339
458
889
927
122
477
490
183
534
236
375
914
946
576
750
861
977
744
616
441
800
313
10
266
569
546
231
94
110
832
420
379
147
806
456
922
640
539
282
589
976
883
376
358
142
499
617
430
929
985
810
642
231
191
435
855
854
935
860
364
664
484
96
921
32
710
826
740
690
119
813
933
452
662
505
768
337
240
681
140
157
286
19
917
252
280
743
730
467
466
962
514
747
686
945
102
122
897
519
70
146
541
172
143
114
195
519
134
382
773
981
18
90
560
702
646
163
848
502
759
431
445
122
865
77
694
939
669
14
747
347
973
248
142
225
859
236
421
501
618
111
832
48
183
260
407
108
77
360
953
573
159
769
94
616
713
343
439
762
504
947
708
700
805
368
707
184
448
145
518
330
160
848
843
902
172
811
202
355
499
148
414
775
800
33
199
296
307
627
875
571
334
899
920
177
96
470
745
722
488
802
761
354
281
787
857
342
177
308
299
705
441
401
850
685
262
653
581
415
842
906
626
535
509
937
696
216
724
592
617
113
689
843
479
399
344
584
385
659
986
113
552
400
703
288
147
393
677
175
604
251
476
75
481
865
635
221
713
404
802
44
90
777
392
298
801
940
626
629
474
245
891
381
472
370
194
598
720
680
41
245
924
810
848
131
814
638
593
22
327
468
791
618
399
593
441
711
552
73
280
259
209
265
31
849
186
198
637
456
54
750
469
593
449
209
141
265
531
662
576
260
894
407
581
407
138
450
228
218
799
286
609
657
60
729
564
832
694
872
127
421
572
822
940
745
657
993
497
786
92
125
857
635
421
985
253
897
682
895
673
864
712
287
703
907
59
223
473
512
194
658
775
700
611
718
66
954
898
805
371
534
840
663
449
733
123
93
931
658
514
83
715
423
229
269
881
22
999
104
329
932
382
736
578
468
240
277
200
451
330
265
719
302
938
810
242
588
401
117
683
768
37
239
84
414
307
698
761
502
670
376
472
795
288
610
435
877
997
889
128
230
647
606
767
715
822
481
237
354
172
367
231
201
705
812
909
686
219
946
45
807
709
150
438
524
246
807
936
155
247
745
770
565
219
413
26
413
126
927
332
277
865
332
31
181
579
288
296
820
765
55
371
673
831
100
593
516
934
404
909
640
539
370
664
413
618
242
802
915
859
496
939
856
386
333
601
549
384
550
880
719
119
820
77
427
150
13
24
817
353
362
487
907
284
924
53
762
91
22
881
506
904
934
867
881
231
903
538
198
820
527
385
314
273
511
166
908
432
294
732
246
602
307
976
88
99
420
802
657
646
621
612
412
722
781
717
84
157
443
377
673
618
314
571
859
881
494
660
60
487
925
114
242
827
447
139
932
414
623
862
210
406
204
679
733
756
394
748
732
924
810
797
413
187
264
169
324
61
346
626
191
761
404
945
100
670
926
441
571
433
302
321
274
875
720
49
182
163
563
431
598
520
611
989
225
405
492
341
602
507
563
170
862
323
149
63
792
29
117
837
876
406
651
686
107
745
446
201
777
236
599
55
570
124
807
581
437
422
855
806
98
255
426
963
510
192
542
512
951
765
952
373
51
200
341
904
385
872
106
164
654
752
588
822
740
131
817
115
257
867
890
369
355
333
133
752
828
729
376
866
172
62
341
70
413
962
802
451
263
651
937
705
257
561
586
241
740
421
444
929
248
644
142
829
772
795
364
794
265
465
928
468
706
506
349
139
366
27
954
580
550
361
823
418
441
610
439
612
806
330
571
202
474
670
542
202
534
621
517
977
757
94
893
759
723
271
27
499
522
755
892
661
976
511
610
857
556
17
786
136
548
795
403
274
765
671
322
821
375
627
641
141
280
774
764
508
785
841
325
913
683
320
895
805
695
44
286
347
200
863
251
553
85
143
511
318
973
597
39
283
428
32
88
701
727
375
944
913
826
642
700
911
47
82
447
358
767
409
271
272
970
466
759
729
404
828
134
409
417
628
481
324
404
502
717
256
263
623
860
454
795
679
770
411
967
164
193
703
874
666
658
429
111
782
116
16
302
511
180
635
618
248
631
785
456
252
850
48
856
890
749
177
209
820
796
923
597
452
285
770
170
625
675
841
563
579
60
343
669
753
438
262
231
176
276
733
626
771
391
498
688
191
665
140
285
635
196
938
374
596
859
150
572
759
211
827
507
247
569
373
12
814
151
171
615
561
545
399
769
783
606
252
124
376
246
75
200
771
973
853
309
278
753
230
167
783
870
629
233
840
751
410
741
390
528
330
797
948
406
997
511
17
797
911
634
841
107
257
598
19
287
32
521
382
846
109
18
40
795
801
656
141
170
522
690
671
217
460
543
142
198
247
895
673
423
144
842
302
192
763
381
557
425
654
168
497
295
318
596
773
451
461
237
406
412
110
438
689
808
253
651
966
625
137
595
68
66
762
445
954
95
500
322
988
459
373
766
381
351
59
884
575
898
857
898
710
512
349
166
426
596
153
711
447
70
595
622
170
273
582
404
668
750
688
436
317
281
410
894
627
788
672
745
972
906
615
818
708
986
888
446
455
254
241
393
657
548
566
179
648
368
609
114
62
726
323
931
184
899
473
971
956
252
959
291
628
884
522
961
690
762
789
975
726
518
860
17
209
139
432
349
154
404
551
392
190
204
436
119
504
959
131
278
328
237
504
867
334
764
405
400
507
101
971
189
880
249
330
656
188
914
179
384
755
323
973
944
175
106
51
881
901
248
274
205
221
646
461
420
514
867
401
454
123
765
858
609
598
931
247
305
314
192
154
398
103
844
415
558
239
810
980
875
54
485
487
454
815
604
697
983
840
631
204
893
25
948
305
286
746
121
289
102
937
681
847
640
450
437
475
154
852
670
41
466
140
661
639
646
500
120
407
760
764
326
112
392
777
841
411
849
88
466
508
473
534
890
816
327
47
421
262
807
886
724
943
789
401
363
705
993
433
431
280
539
964
18
357
962
271
63
406
142
35
79
115
326
14
678
112
43
164
574
865
297
432
664
1000
213
367
549
79
516
460
920
716
339
280
52
240
31
794
758
796
184
62
174
618
415
919
989
971
28
471
478
591
852
153
245
448
468
360
964
541
425
45
423
796
146
835
961
314
948
321
277
248
442
366
555
36
510
87
775
373
43
686
345
375
70
199
875
960
365
104
274
877
893
413
665
896
175
995
558
339
608
192
738
739
917
279
577
990
766
226
501
329
484
454
918
609
801
615
601
25
28
120
264
433
602
533
799
842
668
389
754
788
947
320
495
369
400
394
925
521
742
687
161
960
528
337
733
309
79
461
715
245
870
874
383
996
742
891
262
719
240
102
580
761
666
223
299
596
334
375
391
835
835
619
962
692
287
358
999
620
561
363
269
515
746
521
992
316
589
724
254
707
903
463
195
749
156
65
493
883
194
908
121
992
609
580
881
183
415
638
460
877
951
820
791
536
755
944
576
645
851
757
436
855
910
727
255
377
408
633
72
739
916
119
506
74
280
147
429
309
121
327
682
769
212
256
961
706
454
549
726
337
276
669
777
232
776
162
829
901
238
913
115
699
203
353
510
728
905
52
181
696
482
816
699
11
199
366
629
864
60
422
49
426
244
923
267
738
63
702
958
907
94
738
400
788
431
693
37
318
174
692
512
928
450
942
276
178
749
722
680
928
87
624
140
715
250
299
710
954
390
682
622
964
137
459
931
734
214
990
538
213
164
772
590
825
237
281
92
199
408
724
176
770
823
938
758
834
881
557
380
112
698
220
876
29
128
714
222
297
696
523
941
439
170
416
904
410
668
57
63
142
184
246
386
765
651
140
769
894
701
552
660
606
402
476
944
24
494
387
19
330
69
127
798
523
266
266
106
268
182
909
527
395
669
167
714
963
889
54
279
645
201
52
141
161
444
515
443
366
359
396
727
382
859
282
712
558
596
915
242
695
460
953
298
162
355
393
383
166
940
385
651
897
477
345
160
17
206
92
224
273
473
94
92
825
65
492
957
104
620
767
392
144
88
804
116
668
110
602
668
555
708
623
606
469
44
545
506
221
702
556
230
191
772
892
764
628
801
68
942
495
813
874
867
536
997
147
96
189
433
439
563
836
804
790
493
277
761
770
687
34
681
341
559
642
631
752
546
163
554
111
470
966
141
180
956
845
502
570
418
940
395
214
922
417
51
472
314
530
928
283
126
708
902
281
910
176
808
893
54
675
68
593
505
530
842
211
484
913
519
408
528
716
689
310
70
829
908
120
845
560
534
252
187
786
277
38
449
389
190
843
728
703
60
406
96
900
331
913
343
170
267
722
972
371
637
167
349
355
937
943
905
429
68
509
642
587
526
762
527
250
587
975
506
677
631
429
350
409
163
253
682
431
50
479
113
993
459
1000
850
616
48
594
368
23
161
521
275
287
319
610
984
820
535
144
908
638
549
301
265
71
743
289
767
474
493
363
653
837
81
766
82
231
770
664
521
482
82
364
406
