206
719
449
893
917
509
250
676
79
194
435
888
442
856
436
853
404
684
297
747
651
515
651
275
410
368
151
840
576
116
766
487
727
168
367
417
278
700
646
904
276
489
425
187
979
714
268
179
447
748
993
567
769
349
591
329
985
346
726
584
906
938
404
410
75
556
781
684
246
853
775
355
714
395
653
949
275
535
90
970
908
363
138
886
519
571
526
885
879
850
436
487
566
716
517
863
475
902
729
945
961
465
605
846
481
579
765
70
498
221
884
128
654
978
710
115
785
830
932
866
529
361
839
84
463
632
755
507
647
463
129
865
665
484
678
753
10
267
846
706
731
723
374
770
576
688
959
248
929
983
159
516
968
827
80
507
236
923
171
462
929
275
761
401
968
663
450
838
599
598
339
446
998
842
425
872
339
123
60
798
869
227
954
250
302
241
348
154
206
92
18
236
163
468
630
958
676
646
179
848
413
835
142
403
524
272
161
481
988
219
942
17
369
29
684
935
834
44
494
194
599
62
598
928
189
393
57
826
143
573
603
757
245
625
890
275
853
313
32
107
744
475
954
364
952
158
217
952
985
363
325
671
527
847
360
386
836
458
808
710
404
24
239
204
182
74
411
498
115
503
68
883
758
162
102
206
395
253
53
941
599
673
564
393
356
474
199
968
599
791
379
385
737
710
420
189
195
333
375
681
673
666
298
740
992
26
287
696
934
610
917
376
880
573
406
170
182
504
446
231
244
242
229
809
631
216
436
65
956
594
928
399
342
197
92
297
938
685
35
337
811
438
458
680
813
154
480
683
313
715
66
212
262
229
884
886
794
816
86
871
822
455
265
284
237
514
529
469
55
244
484
509
68
853
208
859
232
81
290
61
374
252
272
29
825
414
421
545
560
539
308
812
472
109
555
87
674
489
549
740
294
567
778
415
766
956
966
333
74
641
661
98
834
961
665
425
494
977
50
384
957
284
544
601
381
834
840
944
768
1000
55
488
636
893
968
387
995
684
818
95
745
623
821
766
953
825
433
589
876
197
655
679
81
732
218
210
334
95
486
82
64
789
543
184
653
569
35
338
415
440
835
24
715
155
881
183
620
804
38
213
530
109
281
156
239
558
240
611
15
917
560
138
874
269
240
484
313
181
679
141
223
560
478
414
103
545
75
117
775
263
880
741
816
436
596
128
974
882
192
364
823
257
192
241
549
63
409
438
528
630
844
700
173
394
127
883
586
880
171
881
643
541
902
733
206
174
766
618
933
597
145
791
967
813
231
572
859
303
276
387
113
52
704
112
50
968
803
204
120
64
997
128
158
485
653
735
402
286
799
336
660
566
513
236
214
113
469
379
681
399
974
549
602
12
833
852
582
637
888
864
884
58
730
434
840
203
390
504
1000
947
28
53
927
891
358
760
332
617
859
364
790
878
912
62
337
43
117
299
32
788
1000
586
788
688
724
255
328
714
358
169
643
349
86
303
586
483
735
854
909
110
258
735
97
707
402
260
164
701
849
163
283
763
242
194
119
245
18
67
118
492
112
252
463
973
563
435
274
450
148
516
878
195
804
411
277
557
880
296
251
36
850
931
99
755
508
109
169
430
504
68
760
150
38
640
78
299
29
784
235
739
501
691
101
401
331
660
567
911
443
60
375
15
650
672
377
809
70
997
677
535
583
55
41
721
994
365
797
576
246
686
512
671
620
392
680
789
412
327
292
966
491
949
881
240
354
194
173
98
125
271
99
308
221
582
181
437
164
536
616
315
652
427
169
302
678
847
481
975
654
703
931
747
533
608
709
991
287
674
617
797
398
953
78
344
734
916
866
843
653
47
189
781
558
866
880
217
157
38
837
426
522
436
451
997
166
856
370
755
747
507
727
666
449
617
27
399
362
848
970
21
377
956
972
826
828
855
404
989
108
974
89
986
68
501
430
78
883
578
531
325
157
649
428
551
945
75
716
301
829
559
845
309
186
481
821
664
99
719
655
170
994
360
636
620
871
958
40
374
220
739
679
109
869
809
381
226
766
717
617
981
174
408
553
614
754
23
957
31
22
689
259
234
12
364
209
268
134
303
382
54
224
964
119
143
704
928
383
365
890
63
224
684
66
46
311
990
372
825
39
310
387
13
463
959
257
858
558
654
71
995
627
401
337
182
718
980
540
764
373
760
117
967
580
31
836
324
427
931
329
586
948
581
119
552
350
539
770
807
313
971
375
555
690
353
536
589
348
118
256
19
954
62
681
102
125
668
474
402
491
786
581
347
407
756
135
401
511
976
485
304
826
615
74
980
993
868
252
912
187
408
139
810
657
996
478
120
245
131
566
246
429
786
100
379
367
745
931
814
502
497
681
207
980
541
990
393
885
175
651
476
101
46
536
887
799
468
229
198
943
467
753
224
304
179
378
226
581
908
214
195
183
954
34
946
51
221
640
420
424
173
571
933
762
346
540
183
253
756
756
308
684
984
446
854
528
711
467
190
878
312
531
520
874
363
518
11
173
970
935
915
695
22
133
527
425
160
325
303
850
272
252
712
566
774
803
238
661
489
515
980
855
705
453
68
748
944
608
731
123
555
988
990
15
761
520
918
184
31
516
796
317
638
763
162
167
475
893
514
52
824
729
857
530
400
286
780
374
319
445
283
437
857
519
548
772
771
305
188
801
699
69
933
775
516
886
11
512
249
905
790
103
724
296
581
313
908
958
911
174
904
444
914
97
544
647
905
882
665
63
468
648
925
444
560
152
890
320
535
380
927
747
733
493
704
955
588
331
112
484
973
790
328
379
146
588
87
902
776
166
312
569
639
521
625
458
676
95
812
94
341
826
575
861
625
396
287
1000
450
275
423
612
161
375
437
981
750
152
662
355
967
490
530
579
14
990
771
467
443
856
798
788
739
443
25
577
757
562
783
204
863
747
95
415
169
845
149
679
69
309
364
365
40
478
585
479
526
447
553
570
734
829
992
926
617
603
151
493
233
677
222
360
729
196
842
524
699
957
874
160
650
235
261
703
732
95
432
290
110
650
920
90
159
341
203
84
65
613
704
280
48
775
30
261
894
330
646
764
794
569
527
938
874
676
35
83
796
249
13
354
752
913
968
596
806
969
661
923
506
633
903
116
994
61
420
333
123
449
860
457
77
315
779
630
829
123
966
918
828
591
689
565
935
723
371
340
485
626
999
447
138
766
784
328
624
905
573
228
453
12
590
102
640
722
619
510
688
658
268
973
742
748
865
500
386
147
394
412
475
783
339
173
649
221
854
843
733
307
175
733
973
823
986
328
142
56
507
634
238
638
57
883
787
46
180
630
968
830
192
774
977
58
620
104
890
223
289
219
568
120
861
109
293
859
104
227
386
970
392
193
569
959
669
748
980
719
491
966
656
776
507
32
567
282
981
652
218
154
350
230
671
216
297
255
442
251
76
308
501
159
762
42
708
632
568
764
892
585
120
731
692
421
99
195
377
395
869
806
302
450
164
468
373
208
385
985
962
735
208
330
302
762
397
423
278
386
559
539
448
553
636
750
273
661
817
188
950
347
308
345
45
856
176
90
655
148
906
680
921
752
940
284
286
179
531
737
560
196
268
900
694
790
998
973
371
592
683
405
757
533
97
934
232
512
830
900
709
795
632
472
491
163
746
291
473
542
977
911
844
495
783
702
194
682
415
227
994
179
214
691
861
214
912
780
363
300
581
254
957
276
55
304
643
733
742
273
124
289
939
937
877
143
554
312
650
840
850
176
637
713
618
991
893
822
211
822
817
393
708
613
32
432
792
176
707
202
343
483
656
360
404
615
986
60
208
293
36
443
536
592
393
248
703
222
654
933
913
496
328
906
432
921
670
741
131
581
479
875
595
693
141
298
114
758
159
82
471
697
399
696
744
899
601
352
919
722
289
318
217
372
297
663
923
314
762
782
558
660
122
875
354
180
948
365
733
514
391
661
882
125
45
524
217
165
634
247
110
694
26
943
54
780
311
326
170
316
723
495
814
477
250
505
791
546
223
523
711
103
979
360
541
845
924
557
442
709
666
282
175
459
228
198
627
76
985
212
369
863
779
429
410
442
128
478
615
480
24
538
178
649
344
708
447
267
958
527
169
603
372
379
571
28
57
97
54
496
852
223
207
713
544
948
738
346
820
820
278
819
337
945
166
744
578
615
600
608
597
722
702
762
869
49
988
855
385
473
231
607
458
186
902
172
480
262
714
979
182
30
404
719
11
833
236
379
851
16
197
532
508
323
337
756
479
345
672
555
489
384
672
324
678
730
200
412
880
936
308
75
23
225
326
643
216
82
572
688
258
946
789
928
392
915
429
11
520
793
435
604
926
728
115
573
136
110
158
15
891
974
53
618
802
842
848
522
510
360
981
528
746
86
552
488
218
279
258
557
28
839
818
650
94
526
371
436
155
669
40
197
200
778
857
518
532
900
168
944
993
816
604
977
71
771
826
635
634
827
844
395
791
855
905
945
892
772
145
197
634
587
288
985
317
867
514
170
344
650
773
74
453
970
341
254
757
273
728
832
998
601
230
228
732
378
155
437
545
703
877
405
118
368
678
102
467
18
482
698
843
621
170
355
548
435
375
162
313
805
588
795
768
336
231
398
257
92
220
182
331
109
228
105
106
795
566
888
607
946
976
676
819
63
334
979
171
407
600
890
796
292
647
639
114
608
182
216
50
164
341
128
557
33
427
374
249
74
861
94
411
962
186
962
437
595
263
969
475
518
613
458
238
181
689
746
497
344
446
91
820
313
200
133
617
772
621
104
883
492
247
285
316
607
735
284
471
988
831
249
624
557
914
771
931
792
428
929
694
58
663
301
21
781
699
247
143
869
93
886
344
602
30
250
905
182
316
494
167
339
427
60
530
158
468
752
640
11
794
424
190
408
962
515
560
753
903
781
681
115
295
395
261
728
376
725
693
986
847
19
520
629
156
760
803
175
65
38
798
120
117
179
307
586
243
454
651
848
390
194
765
434
15
287
87
772
78
201
535
306
726
679
671
738
257
948
960
65
385
73
443
903
620
30
76
805
529
176
876
80
164
875
70
584
278
390
365
44
414
810
593
824
311
55
507
939
623
294
135
881
117
519
473
776
896
718
286
808
569
881
618
288
764
603
748
272
83
358
157
419
757
618
792
357
936
688
696
979
439
538
527
646
206
346
975
242
320
316
745
435
547
334
149
974
632
819
805
378
548
154
510
117
72
528
872
73
943
672
19
28
392
304
826
544
873
219
871
450
22
319
174
664
314
745
10
225
783
394
145
298
369
847
196
485
306
385
954
537
718
496
408
516
98
308
748
864
164
128
649
282
901
436
241
470
608
320
505
905
70
450
312
871
148
584
450
638
306
802
402
497
799
731
783
443
602
767
690
733
407
717
709
234
899
941
495
840
164
987
302
927
262
34
181
972
323
677
357
297
766
301
685
177
382
735
365
832
311
580
779
929
503
661
687
506
995
497
117
909
570
750
947
851
780
651
872
316
403
647
993
514
462
467
256
948
368
567
617
229
179
150
434
272
461
55
686
81
134
223
155
399
996
358
834
755
346
395
374
799
706
573
850
268
368
370
579
371
237
504
271
104
508
625
179
299
447
896
760
642
463
839
492
873
177
630
284
394
508
330
775
568
201
99
52
619
194
939
409
214
404
683
152
760
53
836
331
430
318
971
462
612
24
673
181
773
22
113
768
949
56
574
573
29
330
522
545
374
249
821
804
601
712
363
894
709
1000
535
388
388
667
120
648
247
680
840
359
120
329
777
591
643
600
15
246
149
502
818
763
243
417
466
51
177
291
712
851
269
511
335
516
592
684
496
385
105
324
346
141
234
175
510
184
896
497
602
21
649
305
690
163
63
716
293
710
68
484
333
651
125
786
440
576
815
618
473
737
870
453
946
804
357
554
126
724
444
173
16
296
152
609
894
707
301
629
247
231
295
754
375
719
103
715
596
742
585
798
974
382
719
322
225
34
305
255
57
638
764
559
33
388
493
493
542
789
536
296
111
91
391
330
758
755
372
395
426
432
819
303
217
811
164
734
610
452
115
661
501
16
346
822
535
161
573
398
205
624
524
820
362
751
686
459
198
235
14
511
195
881
421
123
655
53
42
996
836
573
483
284
571
397
146
660
639
391
343
597
881
676
57
498
647
402
982
593
455
67
454
882
965
70
187
972
776
62
775
262
73
810
195
999
456
809
153
266
202
403
592
200
235
689
763
994
438
297
19
642
546
933
399
132
644
560
338
979
790
362
183
260
326
441
46
572
348
465
327
796
925
374
27
10
808
809
356
625
379
629
264
632
555
584
317
774
781
262
918
294
917
611
703
521
104
983
516
58
509
464
103
571
183
642
136
521
990
251
316
671
199
458
768
319
586
648
228
959
992
739
501
100
956
155
446
193
951
514
129
916
103
34
457
743
373
928
249
663
765
207
711
844
994
177
735
263
666
782
609
888
854
925
986
786
466
223
984
790
176
288
923
187
239
38
797
264
447
856
278
379
352
218
93
760
331
453
420
135
559
684
21
474
247
28
882
338
228
275
166
770
260
839
338
322
997
118
76
903
738
505
757
324
716
87
973
755
981
992
916
761
773
383
926
921
766
25
375
906
933
79
789
360
32
42
634
136
221
927
661
214
299
310
31
765
225
226
16
973
444
160
329
304
358
712
312
196
172
13
628
566
271
554
844
13
33
607
38
600
710
202
781
568
71
816
581
891
134
37
753
794
984
971
605
226
487
35
988
512
358
288
102
29
42
187
29
200
112
386
868
259
836
500
616
739
942
164
784
17
914
650
573
850
281
465
90
337
568
64
904
557
178
385
724
559
798
890
653
964
438
29
367
125
905
220
142
91
835
50
213
16
832
424
721
423
808
989
683
391
656
368
866
148
558
552
402
148
420
635
408
903
31
727
73
772
515
655
887
484
767
880
58
346
479
672
816
657
211
241
305
404
33
217
916
614
446
349
881
519
534
113
887
132
705
936
812
848
216
705
563
172
920
39
128
615
853
78
278
412
271
397
572
638
357
228
652
518
458
433
426
759
804
70
456
233
587
154
303
118
148
677
654
434
835
306
701
557
113
919
103
876
446
981
505
758
436
145
681
983
464
987
83
40
393
100
126
321
369
656
875
543
47
854
475
576
25
977
929
922
714
71
977
578
45
745
476
883
99
401
39
466
942
410
498
64
267
615
326
980
522
978
592
272
287
462
550
408
435
17
661
104
177
670
64
377
511
517
574
50
466
34
835
972
905
836
470
937
201
902
550
348
807
33
546
679
826
507
290
677
443
769
447
97
883
18
17
14
947
528
396
451
863
707
303
181
202
16
263
93
732
360
600
218
148
903
442
955
804
473
152
180
899
954
317
125
931
856
107
140
182
10
657
399
207
888
384
774
309
190
931
640
709
207
176
43
799
964
760
422
41
364
481
968
88
926
538
398
694
337
484
899
436
392
969
722
931
932
696
223
947
829
42
466
151
292
589
708
143
742
625
142
374
691
10
989
725
268
177
325
829
271
483
689
279
114
313
871
954
89
196
159
653
991
630
661
20
603
757
922
612
367
455
409
427
158
347
135
243
690
660
298
317
498
124
936
525
60
888
718
619
981
467
978
695
496
634
917
804
84
986
389
109
32
866
1000
957
949
322
58
49
344
389
117
346
312
679
953
416
421
937
261
939
887
286
682
316
646
74
543
357
71
455
890
663
772
756
508
568
411
82
618
211
350
608
322
509
627
666
155
330
989
867
957
64
273
725
455
741
263
986
324
220
902
402
878
364
707
651
15
246
259
397
484
809
204
606
740
599
199
88
518
69
390
403
240
811
873
45
649
434
230
876
675
887
844
422
799
292
678
924
171
390
486
662
774
432
144
850
794
169
626
439
188
841
546
12
722
723
41
316
742
744
520
706
889
573
81
479
721
493
821
763
90
87
136
829
753
545
281
715
29
229
938
695
553
482
175
816
130
131
713
948
695
252
68
637
81
252
448
482
399
46
622
113
532
108
626
817
617
790
975
833
609
932
954
247
519
989
517
696
875
451
59
622
156
756
743
818
868
368
662
437
730
478
385
509
106
718
473
582
53
607
435
458
986
516
80
365
948
28
48
690
178
408
298
178
421
14
77
976
21
88
316
420
107
312
984
395
557
91
565
518
384
904
567
670
491
910
594
857
96
764
318
336
495
509
657
582
273
656
495
648
813
666
851
572
465
612
927
504
823
76
533
77
671
196
485
640
767
126
605
153
487
225
190
784
416
181
192
700
607
344
448
520
858
278
625
250
487
60
949
934
227
35
746
935
232
227
821
346
980
857
648
976
54
454
680
573
581
374
461
838
988
391
53
758
270
74
241
809
717
201
470
481
379
66
678
344
817
371
615
701
887
818
918
909
525
316
263
293
511
560
485
854
895
759
692
547
692
896
67
202
182
19
478
21
306
858
143
541
639
438
50
112
784
376
149
857
491
836
159
748
372
894
948
213
562
615
549
623
979
303
711
746
945
514
326
816
585
619
478
34
282
188
435
979
522
755
602
51
774
127
885
84
808
988
390
288
833
814
830
441
372
284
298
44
964
53
96
163
867
246
353
190
859
23
225
261
559
754
28
804
528
905
440
448
758
630
492
960
386
53
536
161
891
627
862
774
802
929
426
495
842
353
297
557
763
175
569
858
473
69
904
322
963
338
367
109
574
752
927
554
663
819
775
776
559
366
349
797
480
539
630
921
796
232
508
908
995
379
41
218
527
996
246
859
72
241
87
191
301
30
334
226
225
591
779
225
77
820
88
940
1000
402
993
450
295
104
632
826
660
699
613
922
327
28
452
102
463
305
205
903
345
966
321
334
655
928
303
859
356
555
463
342
194
316
928
245
361
751
777
385
595
842
196
633
979
224
235
166
661
138
899
907
594
295
145
389
288
877
639
957
369
706
167
544
788
609
393
783
257
473
810
916
566
603
64
81
773
908
500
886
210
596
834
223
166
908
985
751
134
148
15
19
324
221
389
907
60
689
216
460
736
191
240
811
679
605
771
206
88
195
791
680
546
259
946
935
325
225
289
612
296
711
213
65
180
781
836
68
342
305
1000
460
731
323
358
378
174
273
358
553
22
475
822
579
607
840
305
415
316
674
840
316
94
358
268
73
975
641
928
799
227
458
828
558
523
72
847
303
340
532
21
819
37
135
326
891
925
145
786
482
414
790
957
648
715
863
318
794
925
318
574
300
115
869
655
306
726
350
434
170
907
535
619
276
248
661
925
460
793
122
635
92
159
114
974
323
370
366
839
594
81
484
91
705
768
769
842
430
580
774
82
424
301
580
512
145
162
556
933
34
235
242
724
656
726
698
256
624
506
484
689
972
642
561
943
869
892
382
318
316
379
28
837
612
786
914
227
994
216
851
889
971
575
767
746
568
461
81
694
673
710
457
707
927
905
264
431
300
393
133
306
78
85
796
747
844
872
48
467
477
482
87
245
567
445
781
110
849
407
170
252
809
836
186
638
87
30
349
890
77
199
165
436
882
403
261
903
759
40
442
772
958
626
874
142
461
398
426
908
750
117
721
565
348
297
880
488
621
515
963
931
219
238
123
436
178
673
284
233
319
403
657
635
558
708
436
107
752
537
383
557
487
597
608
934
363
264
835
585
604
677
623
443
133
283
731
997
127
93
351
42
329
764
184
442
820
187
417
533
210
132
387
625
896
499
25
828
873
139
677
979
550
437
231
563
811
826
756
264
524
572
527
21
384
275
354
80
940
910
453
856
958
894
673
239
130
864
667
869
982
86
844
178
689
135
732
437
889
459
914
47
170
790
657
98
399
646
506
172
613
37
154
937
901
813
450
200
247
650
445
83
477
180
556
324
983
411
922
886
785
294
248
150
190
65
529
747
465
789
73
500
737
928
194
952
169
170
929
897
787
214
296
135
646
366
622
748
838
740
789
801
401
703
720
761
970
304
71
465
913
41
180
743
396
420
376
414
864
135
92
395
936
300
538
426
229
62
834
190
755
601
81
802
228
657
795
238
660
110
137
630
537
47
934
583
675
20
733
471
815
295
920
990
620
821
442
874
321
809
225
631
716
346
686
716
981
178
486
898
913
424
541
244
346
832
553
606
797
804
425
951
82
967
440
767
333
369
559
509
447
563
958
356
578
733
553
937
319
994
423
782
120
835
945
578
316
140
66
358
347
643
736
681
487
192
902
63
884
703
566
680
656
178
282
21
199
75
357
43
715
222
249
24
915
318
272
100
587
965
752
20
48
312
540
857
965
654
237
165
992
232
595
183
794
305
925
153
289
742
32
264
435
276
343
158
695
753
520
339
216
819
279
815
770
530
780
19
293
212
220
740
706
679
103
432
71
707
998
978
586
542
640
47
862
473
403
43
249
561
125
658
751
574
254
134
883
882
385
105
636
951
133
690
361
347
485
457
184
930
88
303
456
458
428
769
420
409
524
130
633
442
367
613
482
703
752
523
626
342
405
725
153
392
958
47
144
36
240
324
420
530
234
573
59
605
875
446
741
89
665
517
871
855
56
132
741
787
58
13
205
730
454
867
527
551
137
963
818
969
705
635
871
360
77
892
816
797
768
19
331
760
407
495
718
109
812
824
299
962
759
189
809
614
882
18
522
411
973
889
409
258
779
387
990
22
211
777
364
421
133
344
535
337
289
540
357
560
300
150
237
445
859
939
45
849
459
920
962
741
274
353
648
794
500
106
432
763
886
552
861
373
887
80
760
680
876
658
28
631
258
234
785
432
555
761
298
57
719
396
672
88
394
222
737
248
345
510
810
484
356
984
449
878
54
419
189
310
957
412
148
441
384
696
572
399
752
998
188
502
893
935
536
181
349
437
938
74
986
707
604
75
892
390
623
155
687
124
886
797
256
981
542
475
507
286
648
267
314
285
942
670
344
191
853
476
793
180
975
158
432
532
924
21
886
402
19
429
973
331
969
693
553
322
748
37
577
172
939
223
841
55
913
124
956
620
623
527
746
596
606
931
438
417
406
621
302
964
644
39
326
842
474
393
21
849
523
665
923
931
361
247
390
549
749
256
958
451
145
74
985
415
44
129
792
145
224
201
376
888
518
468
71
507
153
264
203
456
480
956
333
356
230
763
321
441
673
123
280
50
515
139
476
795
841
271
557
203
233
970
465
284
651
315
287
652
58
462
876
728
836
184
154
215
409
623
360
970
167
755
672
458
55
713
860
555
372
323
562
857
254
677
50
690
256
699
468
48
75
833
721
806
94
945
53
418
252
951
903
763
52
742
227
202
545
878
597
577
405
148
638
852
719
489
344
707
36
28
798
138
