964
567
635
768
317
646
27
908
954
460
127
751
587
362
184
432
603
162
679
507
559
494
216
689
837
600
166
236
547
406
384
193
512
774
271
380
405
642
398
418
854
11
626
590
441
506
569
739
97
295
562
765
136
462
655
14
824
881
863
756
768
56
610
408
450
93
351
966
408
932
223
996
958
569
681
459
172
953
905
920
375
322
945
411
85
914
387
769
73
980
943
264
508
568
85
224
459
174
348
939
891
964
746
118
730
928
757
908
260
95
781
339
372
212
370
32
391
816
608
702
684
531
82
350
96
590
834
65
36
767
458
502
22
89
449
58
624
936
492
642
289
201
156
599
773
86
154
290
98
646
627
649
71
69
149
599
83
242
752
470
217
110
273
541
995
575
403
308
255
545
85
83
630
247
679
574
628
705
844
447
549
414
550
230
785
33
982
102
786
610
551
539
899
474
968
402
97
55
410
586
641
598
615
363
534
731
521
605
720
670
488
299
782
394
809
894
156
168
884
299
838
598
885
639
91
411
211
484
295
825
66
249
204
818
963
762
736
638
775
31
51
780
870
481
110
1000
658
585
703
761
492
557
277
343
980
460
423
536
660
227
373
466
134
656
216
396
919
333
815
823
632
810
559
182
791
779
184
630
119
361
289
73
805
750
157
788
606
96
632
445
759
53
382
219
727
712
692
46
607
409
71
376
878
46
229
529
414
401
473
758
915
182
881
707
225
500
981
753
73
271
273
60
54
285
136
812
272
945
916
690
11
413
694
927
725
954
410
717
314
206
730
961
136
628
71
333
411
708
179
230
288
282
139
779
713
207
94
252
616
176
736
367
375
627
347
593
358
802
705
203
360
900
74
162
25
335
894
72
535
535
455
852
590
56
507
563
755
333
281
496
19
692
997
380
748
571
914
248
874
316
471
654
794
367
779
403
237
115
161
855
58
124
594
433
135
789
303
301
937
836
748
439
678
152
579
861
463
411
190
509
601
181
968
609
908
987
360
274
446
25
610
170
903
906
322
879
174
291
815
45
850
116
365
843
926
982
75
509
307
353
596
430
637
977
599
659
175
585
154
656
992
320
642
483
47
502
110
460
842
329
564
352
379
115
58
842
328
270
514
562
643
70
645
145
449
206
221
296
269
791
170
540
252
449
383
589
866
439
17
308
272
530
102
90
981
903
613
251
567
970
801
362
550
199
776
709
236
374
465
343
931
446
514
972
185
339
540
732
481
669
372
653
32
265
843
943
702
382
421
550
289
359
513
165
411
774
672
195
653
177
450
725
892
959
411
296
615
423
173
480
157
558
509
412
371
590
801
670
412
332
476
920
987
534
870
239
316
479
724
723
394
611
378
567
419
484
39
513
602
150
662
678
675
914
671
737
795
828
426
945
516
164
165
688
130
571
759
625
879
317
668
887
391
712
207
955
453
540
337
802
463
994
90
524
209
382
326
559
818
770
224
291
143
988
36
704
533
31
289
855
263
864
751
499
692
801
104
809
378
788
824
662
900
371
645
10
161
699
295
593
717
939
453
440
652
935
153
617
329
658
658
790
402
526
297
969
297
491
511
640
807
970
122
575
912
925
79
873
490
564
486
352
893
151
70
980
571
856
77
373
419
222
530
905
397
155
717
789
154
246
800
868
212
842
866
823
325
690
277
165
64
977
999
689
73
243
726
572
880
347
942
173
146
858
685
12
994
199
776
237
137
467
442
927
51
607
593
745
424
181
292
104
396
138
31
926
354
776
528
317
64
137
986
464
467
418
125
256
210
534
829
658
703
264
666
886
203
400
376
116
824
120
261
111
286
53
167
390
746
363
425
875
287
230
844
500
779
363
609
606
32
843
652
502
564
330
771
134
163
716
251
559
60
392
824
52
780
157
81
635
313
383
488
991
885
594
471
345
654
194
278
520
873
399
659
417
91
236
879
771
76
258
606
203
524
125
813
387
616
494
82
588
673
532
915
12
720
214
183
160
906
943
351
556
550
262
97
334
722
696
10
111
208
405
264
596
526
43
198
143
852
885
905
39
141
426
693
691
534
24
951
797
258
16
767
296
458
62
658
894
837
359
812
134
589
766
499
828
776
376
318
379
567
889
909
349
623
670
578
734
652
84
19
817
460
214
489
688
427
478
721
360
10
781
943
927
889
372
660
360
29
148
902
882
395
520
374
496
404
475
830
594
303
283
993
577
27
16
627
610
890
13
869
542
697
230
176
494
818
51
504
92
175
15
43
501
699
744
960
215
197
751
993
610
961
451
990
780
763
318
