1
1
1
2
4
6
7
8
8
10
12
13
14
15
18
20
21
22
24
24
24
25
27
28
28
31
32
33
33
34
35
39
39
39
41
41
42
43
44
46
48
49
49
49
49
50
50
52
55
55
55
57
57
57
58
61
62
64
65
66
67
69
69
69
70
70
71
71
73
75
75
75
75
76
78
78
79
79
82
85
87
89
90
90
91
91
92
95
95
97
98
100
101
102
102
103
103
106
109
112
113
113
114
115
118
120
121
121
122
122
124
127
128
128
130
131
133
135
135
137
137
139
139
139
140
140
141
141
143
143
144
149
150
150
151
152
153
154
155
156
157
157
158
158
159
160
161
163
163
163
164
166
166
167
168
168
168
169
170
170
172
173
174
175
175
177
177
178
179
181
182
183
184
185
186
187
187
187
187
188
189
190
190
191
193
193
193
193
194
195
196
197
197
198
198
198
199
202
202
203
204
205
205
205
207
210
211
214
215
215
215
215
216
216
216
217
224
228
229
230
230
230
232
234
234
236
237
238
239
239
241
242
243
245
247
247
248
249
250
252
252
252
254
255
256
256
257
260
261
266
266
267
270
270
271
271
274
275
276
277
278
279
279
282
283
283
284
286
287
288
289
289
289
289
292
292
292
293
293
293
295
296
296
298
299
300
300
301
301
302
302
303
304
305
305
305
306
307
308
309
310
311
311
312
315
316
318
318
319
321
321
321
322
324
325
325
325
326
326
326
326
329
330
330
332
332
333
334
335
335
336
336
338
340
343
343
343
347
348
348
348
352
352
353
354
354
355
355
357
359
361
362
362
363
366
367
371
373
375
378
379
379
381
382
382
383
384
384
387
388
390
390
391
392
393
393
394
394
394
394
395
395
396
397
397
401
403
406
406
406
407
408
409
409
411
412
413
415
416
417
417
418
420
421
422
427
428
428
428
430
430
431
431
433
434
435
435
437
439
440
441
445
447
448
448
449
450
451
451
452
453
453
453
456
456
458
459
462
462
464
465
468
469
469
469
471
472
473
473
473
473
474
475
477
477
479
479
479
479
481
481
482
482
484
486
486
488
491
492
495
497
497
498
498
498
499
499
499
500
502
503
503
504
505
505
506
507
507
508
509
509
510
510
510
511
512
512
512
513
514
517
519
521
521
521
523
524
524
527
528
530
531
531
532
535
535
536
538
539
539
540
540
540
541
541
541
542
542
542
543
543
543
544
545
545
546
546
550
550
556
556
558
559
562
563
564
564
565
565
565
566
566
568
568
569
569
571
571
572
573
576
577
578
579
579
579
580
580
581
581
581
581
581
584
584
585
587
587
587
587
588
588
588
589
590
590
590
591
592
595
596
597
598
598
599
600
603
606
607
607
608
609
610
611
612
613
615
616
618
620
622
623
624
625
628
630
630
633
635
636
637
638
639
641
642
643
643
643
644
645
647
647
648
649
651
652
652
652
652
652
652
656
656
656
659
659
660
660
662
662
662
663
666
669
669
672
673
673
674
677
680
680
681
682
682
682
682
683
684
686
687
688
690
692
692
692
693
694
696
696
697
698
698
698
699
699
699
703
703
704
706
707
707
707
708
709
710
711
712
714
714
714
715
716
716
717
718
719
719
722
724
725
725
726
728
728
728
729
731
731
731
733
734
735
737
738
739
739
740
742
742
742
743
744
746
747
748
749
750
751
751
753
754
754
754
755
756
757
757
758
759
759
759
760
761
761
761
762
763
763
764
765
765
768
769
770
771
772
772
773
773
774
774
776
777
777
778
778
778
779
779
780
780
781
783
783
788
789
790
790
790
790
792
792
793
796
797
798
800
801
802
803
804
806
807
807
809
810
810
811
813
814
815
815
815
816
816
816
817
818
819
820
822
822
822
823
823
824
829
832
832
834
834
835
835
835
836
836
837
837
838
838
838
841
841
842
844
845
845
846
847
848
851
852
852
852
853
853
854
854
855
856
859
860
860
861
863
868
869
869
869
869
869
870
871
871
872
874
875
877
878
879
879
879
880
880
881
881
881
882
883
883
884
884
885
886
887
889
890
891
892
893
898
898
899
899
900
900
903
903
903
904
904
904
905
906
907
909
910
912
915
915
916
916
920
921
922
926
928
928
928
929
929
930
930
931
931
934
935
938
938
940
941
941
944
945
945
946
946
948
949
949
953
955
955
957
957
957
959
959
960
960
961
961
963
963
964
966
966
966
966
970
970
971
973
974
974
974
975
976
977
978
981
982
982
983
985
988
990
991
991
991
992
992
993
993
994
997
999
1000
