10
10
10
11
11
12
12
13
14
15
16
16
17
19
19
22
24
25
25
27
27
29
31
31
31
32
32
32
33
36
36
39
39
43
43
45
46
46
47
51
51
51
52
53
53
54
55
56
56
58
58
58
60
60
62
64
64
65
66
69
70
70
71
71
71
72
73
73
73
73
74
75
76
77
79
81
82
82
83
83
84
85
85
85
86
89
90
90
91
91
92
93
94
95
96
96
97
97
97
98
102
102
104
104
110
110
110
111
111
115
115
116
116
118
119
120
122
124
125
125
127
130
134
134
134
135
136
136
136
137
137
138
139
141
143
143
145
146
148
149
150
151
152
153
154
154
154
155
156
156
157
157
157
160
161
161
162
162
163
164
165
165
165
166
167
168
170
170
172
173
173
174
174
175
175
176
176
177
179
181
181
182
182
183
184
184
185
190
193
194
195
197
198
199
199
201
203
203
203
204
206
206
207
207
208
209
210
211
212
212
214
214
215
216
216
217
219
221
222
223
224
224
225
227
229
230
230
230
230
236
236
236
237
237
239
242
243
246
247
248
249
251
251
252
252
255
256
258
258
260
261
262
263
264
264
264
265
269
270
271
271
272
272
273
273
274
277
277
278
281
282
283
285
286
287
288
289
289
289
289
290
291
291
292
295
295
295
296
296
296
297
297
299
299
301
303
303
307
308
308
313
314
316
316
317
317
317
318
318
320
322
322
325
326
328
329
329
330
332
333
333
333
334
335
337
339
339
343
343
345
347
347
348
349
350
351
351
352
352
353
354
358
359
359
360
360
360
360
361
362
362
363
363
363
365
367
367
370
371
371
372
372
372
373
373
374
374
375
375
376
376
376
378
378
379
379
380
380
382
382
382
383
383
384
387
387
390
391
391
392
394
394
395
396
396
397
398
399
400
401
402
402
403
403
404
405
405
406
408
408
409
410
410
411
411
411
411
411
411
412
412
413
414
414
417
418
418
419
419
421
423
423
424
425
426
426
427
430
432
433
439
439
440
441
442
445
446
446
447
449
449
449
450
450
451
453
453
455
458
458
459
459
460
460
460
460
462
463
463
464
465
466
467
467
470
471
471
473
474
475
476
478
479
480
481
481
483
484
484
486
488
488
489
490
491
492
492
494
494
494
496
496
499
499
500
500
501
502
502
502
504
506
507
507
508
509
509
509
511
512
513
513
514
514
516
520
520
521
524
524
526
526
528
529
530
530
531
532
533
534
534
534
534
535
535
536
539
540
540
540
541
542
545
547
549
550
550
550
550
551
556
557
558
559
559
559
559
562
562
563
564
564
564
567
567
567
567
568
569
569
571
571
571
572
574
575
575
577
578
579
585
585
586
587
588
589
589
590
590
590
590
593
593
593
594
594
594
596
596
598
598
599
599
599
600
601
602
603
605
606
606
606
607
607
608
609
609
610
610
610
610
610
611
613
615
615
616
616
617
623
624
625
626
627
627
627
628
628
630
630
632
632
635
635
637
638
639
640
641
642
642
642
643
645
645
646
646
649
652
652
652
653
653
654
654
655
656
656
658
658
658
658
658
659
659
660
660
662
662
666
668
669
670
670
670
671
672
673
675
678
678
679
679
681
684
685
688
688
689
689
690
690
691
692
692
692
693
694
696
697
699
699
702
702
703
703
704
705
705
707
708
709
712
712
713
716
717
717
717
720
720
721
722
723
724
725
725
726
727
730
730
731
732
734
736
736
737
739
744
745
746
746
748
748
750
751
751
751
752
753
755
756
757
758
759
759
761
762
763
765
766
767
767
768
768
769
770
771
771
773
774
774
775
776
776
776
776
779
779
779
779
780
780
780
781
781
782
785
786
788
788
789
789
790
791
791
794
795
797
800
801
801
801
802
802
805
807
809
809
810
812
812
813
815
815
816
817
818
818
818
823
823
824
824
824
824
825
828
828
829
830
834
836
837
837
838
842
842
842
843
843
843
844
844
850
852
852
854
855
855
856
858
861
863
864
866
866
868
869
870
870
873
873
874
875
878
879
879
879
880
881
881
882
884
885
885
885
886
887
889
889
890
891
892
893
894
894
894
899
900
900
902
903
903
905
905
905
906
906
908
908
908
909
912
914
914
914
915
915
916
919
920
920
925
926
926
927
927
927
928
931
932
935
936
937
939
939
942
943
943
943
943
945
945
945
951
953
954
954
955
958
959
960
961
961
963
964
964
966
968
968
969
970
970
972
977
977
980
980
980
981
981
982
982
986
987
987
988
990
991
992
993
993
994
994
995
996
997
999
1000
